0.073274
0.112569
0.028158
0.082579
0.078852
0.054801
0.026554
0.102778
0.058568
0.035300
0.122719
0.055920
0.110622
0.064826
0.093021
0.099934
0.110622
0.064826
0.044911
0.119316
0.090477
0.066704
0.053906
0.091359
0.106644
0.088133
0.063499
0.047159
0.058568
0.035300
0.065696
0.105215
0.052304
0.077104
0.081303
0.032878
0.047919
0.080051
0.035751
0.041453
0.078852
0.054801
0.139953
0.042864
0.057529
0.062847
0.039106
0.041347
0.078852
0.054801
0.133354
0.086294
0.063499
0.047159
0.032889
0.044580
0.057529
0.062847
0.065696
0.105215
0.063463
0.073767
0.086054
0.237504
0.089067
0.083098
0.148446
0.086992
0.064260
0.107349
0.072398
0.122698
0.066979
0.091878
0.102798
0.079722
0.078235
0.068858
0.035717
0.027256
0.048887
0.042648
0.101414
0.079728
0.082225
0.057749
0.070291
0.103619
0.076168
0.044207
0.064260
0.107349
0.079938
0.130923
0.060393
0.160445
0.121421
0.089518
0.157189
0.056769
0.065216
0.096291
0.088268
0.141366
0.077176
0.084311
0.116431
0.062288
0.101414
0.079728
0.101615
0.108651
0.079938
0.130923
0.048018
0.055677
0.157189
0.056769
0.157189
0.056769
0.154443
0.082623
0.101075
0.058662
0.234890
0.119675
0.085819
0.047517
0.083468
0.097983
0.103761
0.091324
0.100687
0.101516
0.071312
0.093134
0.096090
0.162851
0.050190
0.091185
0.104218
0.120464
0.047336
0.036122
0.084139
0.097799
0.113087
0.083987
0.124120
0.209987
0.135894
0.105389
0.104218
0.120464
0.090896
0.105952
0.086457
0.127651
0.154443
0.082623
0.064966
0.056675
0.134636
0.105846
0.142117
0.170360
0.088884
0.121927
0.161207
0.118851
0.161207
0.118851
0.138464
0.074458
0.163167
0.166841
0.058590
0.079416
0.080013
0.212569
0.066127
0.050462
0.081874
0.154102
0.291627
0.105322
0.145408
0.168075
0.131842
0.321013
0.159139
0.074528
0.196267
0.136402
0.119245
0.199205
0.265360
0.219301
0.165005
0.153947
0.090899
0.081864
0.291627
0.105322
0.130168
0.191888
0.117493
0.142186
0.134311
0.227628
0.178186
0.105094
0.159633
0.440578
0.231570
0.248778
0.143193
0.156430
0.084211
0.119576
0.063279
0.188225
0.293915
0.139141
0.305413
0.139169
0.145346
0.132425
0.081874
0.154102
0.124309
0.077855
0.272810
0.078508
0.266115
0.126888
0.117737
0.136852
0.127092
0.148143
0.199667
0.261278
0.466222
0.301695
0.165406
0.192261
0.316520
0.233356
0.267276
0.207278
0.267276
0.207278
0.303064
0.162131
0.217721
0.114344
0.087225
0.170855
0.231677
0.216150
0.461161
0.234957
0.169922
0.250886
0.092951
0.070931
0.382749
0.110145
0.409519
0.147899
0.264632
0.282955
0.130121
0.226125
0.219233
0.147830
0.127495
0.111225
0.231677
0.216150
0.203875
0.179439
0.204567
0.236455
0.088530
0.194773
0.098692
0.179303
0.268897
0.208136
0.223431
0.104638
0.125127
0.145086
0.373757
0.178214
0.174608
0.239519
0.382749
0.110145
0.245944
0.206708
0.313682
0.398632
0.359695
0.282779
0.292315
0.301154
0.360193
0.385133
0.164660
0.466311
0.256900
0.435390
0.304273
0.142498
0.404081
0.412699
0.404081
0.412699
0.126587
0.489956
0.244935
0.499957
0.118769
0.232644
0.134301
0.243997
0.341080
0.201169
0.124377
0.279665
0.313085
0.501419
0.271574
0.186718
0.237486
0.148738
0.249212
0.367378
0.204381
0.216082
0.246260
0.399347
0.126516
0.096545
0.203862
0.153307
0.366212
0.283461
0.156580
0.294711
0.173382
0.156148
0.273889
0.299208
0.110678
0.307321
0.364057
0.282333
0.294584
0.193968
0.384603
0.285636
0.480504
0.177747
0.462844
0.358944
0.398749
0.506736
0.312937
0.507473
0.354232
0.213499
0.311551
0.635932
0.220936
0.198975
0.248049
0.207654
0.316899
0.467159
0.848190
0.259781
0.157904
0.355053
0.216781
0.251361
0.342816
0.345638
0.504025
0.249868
0.161023
0.623239
0.532722
0.399494
0.460716
0.349968
0.268707
0.299439
0.492290
0.199073
0.563366
0.605232
0.647845
0.308904
0.312739
0.262847
0.480504
0.177747
0.379891
0.256163
0.372307
0.383564
0.352886
0.310591
0.353662
0.322220
0.352886
0.310591
0.441876
0.290951
0.576905
0.428454
0.720755
0.266621
0.694265
0.538416
0.598123
0.760104
0.469406
0.761210
0.531348
0.320249
0.467326
0.953898
0.331403
0.298463
0.372074
0.311481
0.475349
0.700739
1.272286
0.389672
0.236856
0.532580
0.325172
0.377041
0.514224
0.518457
0.756037
0.374803
0.241534
0.934858
0.799084
0.599241
0.691074
0.524952
0.403060
0.449158
0.738435
0.298610
0.845049
0.907848
0.971767
0.463356
0.469108
0.394270
0.720755
0.266621
0.569837
0.384244
0.558460
0.575346
0.529329
0.465886
0.530492
0.483330
0.529329
0.465886
0.589168
0.387935
0.769207
0.571272
0.961007
0.355494
0.925687
0.717888
0.797498
1.013472
0.625875
1.014947
0.708464
0.426998
0.623102
1.271864
0.441871
0.397951
0.496099
0.415308
0.633798
0.934318
1.696381
0.519562
0.315808
0.710107
0.433563
0.502722
0.685632
0.691276
1.008049
0.499737
0.322046
1.246478
1.065445
0.798988
0.921431
0.699936
0.537414
0.598877
0.984581
0.398146
1.126732
1.210464
1.295690
0.617808
0.625478
0.525693
0.961007
0.355494
0.759783
0.512325
0.744613
0.767128
0.705772
0.621181
0.707323
0.644440
0.705772
0.621181
0.736460
0.484919
0.961509
0.714090
1.201259
0.444368
1.157109
0.897360
0.996872
1.266841
0.782343
1.268683
0.885580
0.533748
0.778877
1.589830
0.552339
0.497438
0.620123
0.519135
0.792248
1.167898
2.120476
0.649453
0.394761
0.887633
0.541953
0.628402
0.857040
0.864095
1.260061
0.624671
0.402557
1.558097
1.331806
0.998735
1.151789
0.874920
0.671767
0.748597
1.230726
0.497683
1.408415
1.513080
1.619612
0.772260
0.781847
0.657117
1.201259
0.444368
0.949729
0.640407
0.930766
0.958910
0.882214
0.776476
0.884154
0.805550
0.882214
0.776476
1.178336
0.775871
1.538414
1.142544
1.922014
0.710988
1.851374
1.435777
1.594995
2.026945
1.251749
2.029893
1.416927
0.853996
1.246204
2.543728
0.883743
0.795901
0.992198
0.830616
1.267597
1.868636
3.392762
1.039124
0.631617
1.420214
0.867125
1.005444
1.371263
1.382551
2.016098
0.999474
0.644092
2.492955
2.130890
1.597976
1.842863
1.399872
1.074827
1.197755
1.969161
0.796292
2.253464
2.420928
2.591379
1.235616
1.250955
1.051387
1.922014
0.710988
1.519566
1.024651
1.489226
1.534256
1.411543
1.242362
1.414646
1.288880
1.411543
1.242362
1.767504
1.163806
2.307621
1.713816
2.883022
1.066482
2.777062
2.153665
2.392493
3.040417
1.877624
3.044840
2.125391
1.280994
1.869305
3.815592
1.325614
1.193852
1.488296
1.245924
1.901395
2.802955
5.089142
1.558686
0.947425
2.130320
1.300688
1.508166
2.056895
2.073827
3.024147
1.499210
0.966137
3.739433
3.196335
2.396964
2.764294
2.099807
1.612241
1.796632
2.953742
1.194438
3.380196
3.631391
3.887069
1.853424
1.876433
1.577080
2.883022
1.066482
2.279349
1.536976
2.233839
2.301384
2.117315
1.863544
2.121969
1.933319
2.117315
1.863544
