0.000833 0.001314 0.001655 0.001830 0.001869 0.001798 0.001384
0.001224 0.002043 0.002555 0.002789 0.002837 0.002725 0.002037
0.000540 0.000634 0.000811 0.000916 0.000996 0.001012 0.000985
0.000812 0.001202 0.001533 0.001693 0.001751 0.001785 0.001406
0.000947 0.001440 0.001655 0.001722 0.001937 0.002072 0.001619
0.000610 0.000985 0.001007 0.001059 0.001286 0.001376 0.001232
0.000430 0.000539 0.000699 0.000667 0.000765 0.000947 0.000750
0.001120 0.001634 0.001974 0.002291 0.002581 0.002739 0.002129
0.000617 0.001047 0.001274 0.001399 0.001469 0.001456 0.001379
0.000693 0.000754 0.000770 0.000875 0.001038 0.001137 0.001094
0.001070 0.001970 0.002527 0.002680 0.002633 0.002567 0.002406
0.000743 0.001038 0.001231 0.001348 0.001548 0.001739 0.001739
0.001025 0.001618 0.002271 0.002570 0.002588 0.002497 0.002353
0.000854 0.001129 0.001355 0.001471 0.001612 0.001710 0.001664
0.000906 0.001456 0.001799 0.001854 0.001960 0.001995 0.001668
0.001350 0.002002 0.002249 0.002407 0.002541 0.002670 0.002558
0.001025 0.001618 0.002271 0.002570 0.002588 0.002497 0.002353
0.000854 0.001129 0.001355 0.001471 0.001612 0.001710 0.001664
0.000549 0.000727 0.000911 0.001056 0.001158 0.001336 0.001085
0.001415 0.002117 0.002431 0.002590 0.002774 0.002867 0.002735
0.000998 0.001541 0.001965 0.002125 0.002111 0.001989 0.001808
0.000899 0.001316 0.001586 0.001649 0.001761 0.001759 0.001673
0.000711 0.000999 0.001183 0.001266 0.001402 0.001423 0.001127
0.000886 0.001388 0.001672 0.001932 0.002159 0.002221 0.002035
0.001250 0.001930 0.002221 0.002240 0.002407 0.002476 0.002348
0.001065 0.001548 0.001745 0.001966 0.002196 0.002262 0.001907
0.000659 0.000928 0.001142 0.001252 0.001302 0.001271 0.001076
0.000343 0.000454 0.000555 0.000609 0.000625 0.000625 0.000588
0.000617 0.001047 0.001274 0.001399 0.001469 0.001456 0.001379
0.000693 0.000754 0.000770 0.000875 0.001038 0.001137 0.001094
0.000682 0.001010 0.001272 0.001345 0.001330 0.001271 0.001188
0.001144 0.001850 0.002396 0.002577 0.002537 0.002390 0.002162
0.000626 0.000904 0.001111 0.001179 0.001250 0.001275 0.001115
0.000873 0.001318 0.001602 0.001741 0.001764 0.001682 0.001459
0.000923 0.001401 0.001872 0.002064 0.002222 0.002225 0.001806
0.000386 0.000488 0.000608 0.000745 0.000837 0.000857 0.000774
0.000617 0.000906 0.001128 0.001227 0.001225 0.001414 0.001448
0.000884 0.001311 0.001551 0.001760 0.001903 0.001900 0.001524
0.000369 0.000460 0.000581 0.000618 0.000675 0.000695 0.000561
0.000494 0.000739 0.000919 0.000970 0.000951 0.000922 0.000857
0.000947 0.001440 0.001655 0.001722 0.001937 0.002072 0.001619
0.000610 0.000985 0.001007 0.001059 0.001286 0.001376 0.001232
0.001311 0.002053 0.002392 0.002588 0.002706 0.002680 0.002503
0.000421 0.000567 0.000739 0.000828 0.000845 0.000838 0.000689
0.000616 0.000833 0.001027 0.001138 0.001156 0.001187 0.001032
0.000747 0.001129 0.001407 0.001537 0.001542 0.001471 0.001306
0.000553 0.000747 0.000929 0.001013 0.001001 0.000959 0.000903
0.000485 0.000654 0.000821 0.000982 0.001091 0.001129 0.001053
0.000947 0.001440 0.001655 0.001722 0.001937 0.002072 0.001619
0.000610 0.000985 0.001007 0.001059 0.001286 0.001376 0.001232
0.001360 0.002239 0.002741 0.002948 0.002954 0.002805 0.002419
0.000881 0.001295 0.001603 0.001836 0.001936 0.001903 0.001771
0.000659 0.000928 0.001142 0.001252 0.001302 0.001271 0.001076
0.000343 0.000454 0.000555 0.000609 0.000625 0.000625 0.000588
0.000370 0.000403 0.000514 0.000565 0.000612 0.000677 0.000756
0.000392 0.000621 0.000783 0.000834 0.000809 0.000782 0.000722
0.000616 0.000833 0.001027 0.001138 0.001156 0.001187 0.001032
0.000747 0.001129 0.001407 0.001537 0.001542 0.001471 0.001306
0.000682 0.001010 0.001272 0.001345 0.001330 0.001271 0.001188
0.001144 0.001850 0.002396 0.002577 0.002537 0.002390 0.002162
0.000673 0.000925 0.001091 0.001187 0.001208 0.001250 0.001204
0.000774 0.001138 0.001387 0.001568 0.001718 0.001963 0.001571
0.000835 0.001419 0.001602 0.001711 0.001914 0.001962 0.001529
0.001763 0.003313 0.004359 0.004869 0.005016 0.004884 0.003709
0.000904 0.001400 0.001772 0.001972 0.002021 0.001957 0.001549
0.000853 0.001262 0.001588 0.001782 0.001858 0.001831 0.001627
0.001201 0.002078 0.003004 0.003436 0.003485 0.003328 0.003119
0.001132 0.001656 0.001819 0.001884 0.002149 0.002230 0.002098
0.000803 0.001204 0.001301 0.001425 0.001655 0.001891 0.001919
0.001137 0.001765 0.002179 0.002349 0.002509 0.002528 0.002073
0.000964 0.001411 0.001590 0.001541 0.001576 0.001618 0.001535
0.001127 0.001895 0.002286 0.002505 0.002837 0.002956 0.002831
0.000976 0.001482 0.001751 0.001875 0.001879 0.001791 0.001662
0.000912 0.001318 0.001591 0.001846 0.001933 0.001906 0.001591
0.001066 0.001692 0.002076 0.002218 0.002181 0.002025 0.001808
0.000710 0.001050 0.001334 0.001491 0.001519 0.001452 0.001178
0.001006 0.001427 0.001656 0.001842 0.001936 0.001920 0.001777
0.000527 0.000735 0.000946 0.001044 0.001045 0.001000 0.001011
0.000448 0.000619 0.000806 0.000849 0.000805 0.000925 0.000880
0.000455 0.000550 0.000574 0.000612 0.000753 0.000859 0.000718
0.000614 0.000802 0.001041 0.001136 0.001236 0.001387 0.001088
0.000589 0.000806 0.000998 0.001173 0.001280 0.001293 0.000987
0.001209 0.001857 0.002290 0.002483 0.002506 0.002431 0.002242
0.001099 0.001594 0.001845 0.001862 0.002041 0.002231 0.002176
0.000966 0.001427 0.001660 0.001690 0.001834 0.001851 0.001751
0.000878 0.001091 0.001098 0.001157 0.001503 0.001772 0.001522
0.000768 0.001123 0.001332 0.001382 0.001453 0.001439 0.001368
0.001033 0.001574 0.001895 0.002028 0.002048 0.001975 0.001689
0.000587 0.001000 0.001226 0.001299 0.001254 0.001246 0.001071
0.000522 0.000703 0.000871 0.000929 0.000920 0.000964 0.000919
0.000803 0.001204 0.001301 0.001425 0.001655 0.001891 0.001919
0.001137 0.001765 0.002179 0.002349 0.002509 0.002528 0.002073
0.000889 0.001472 0.001914 0.002142 0.002203 0.002143 0.001920
0.001621 0.002849 0.003734 0.003966 0.003812 0.003584 0.003261
0.000717 0.001023 0.001281 0.001455 0.001495 0.001560 0.001276
0.001675 0.002670 0.003151 0.003556 0.003599 0.003658 0.003597
0.001531 0.002522 0.003159 0.003365 0.003416 0.003280 0.002747
0.001024 0.001626 0.001994 0.002112 0.002227 0.002191 0.002005
0.001467 0.002426 0.002931 0.003146 0.003104 0.002945 0.002679
0.000711 0.001051 0.001360 0.001459 0.001511 0.001480 0.001297
0.000706 0.000906 0.001167 0.001283 0.001366 0.001517 0.001205
0.001231 0.001774 0.002021 0.002325 0.002696 0.002888 0.002249
0.000834 0.001398 0.001765 0.001870 0.001836 0.001780 0.001600
0.001311 0.002145 0.002643 0.002841 0.002842 0.002731 0.002540
0.000806 0.001137 0.001430 0.001611 0.001628 0.001651 0.001390
0.000972 0.001494 0.001824 0.002011 0.002228 0.002297 0.001742
0.001276 0.002011 0.002408 0.002546 0.002548 0.002456 0.002247
0.000805 0.001124 0.001272 0.001272 0.001371 0.001381 0.001324
0.001209 0.001857 0.002290 0.002483 0.002506 0.002431 0.002242
0.001099 0.001594 0.001845 0.001862 0.002041 0.002231 0.002176
0.000964 0.001476 0.001841 0.002021 0.002048 0.001968 0.001631
0.001186 0.001889 0.002325 0.002604 0.002744 0.002722 0.002069
0.000889 0.001472 0.001914 0.002142 0.002203 0.002143 0.001920
0.001621 0.002849 0.003734 0.003966 0.003812 0.003584 0.003261
0.000478 0.000644 0.000806 0.000862 0.000927 0.000940 0.000744
0.000664 0.001028 0.001271 0.001322 0.001353 0.001309 0.001149
0.001467 0.002426 0.002931 0.003146 0.003104 0.002945 0.002679
0.000711 0.001051 0.001360 0.001459 0.001511 0.001480 0.001297
0.001467 0.002426 0.002931 0.003146 0.003104 0.002945 0.002679
0.000711 0.001051 0.001360 0.001459 0.001511 0.001480 0.001297
0.001537 0.002438 0.002847 0.003039 0.003189 0.003184 0.002696
0.001032 0.001512 0.001747 0.001824 0.001844 0.001855 0.001590
0.000877 0.001431 0.001788 0.001993 0.002095 0.002063 0.001697
0.000670 0.000950 0.001156 0.001234 0.001252 0.001299 0.001137
0.001748 0.002707 0.003080 0.003647 0.004079 0.004281 0.004137
0.001738 0.002441 0.002359 0.002182 0.003129 0.003937 0.003989
0.000945 0.001448 0.001782 0.001943 0.001954 0.001849 0.001603
0.000817 0.001192 0.001409 0.001457 0.001429 0.001422 0.001361
0.001098 0.001564 0.001653 0.001753 0.002217 0.002533 0.002201
0.000927 0.001589 0.002140 0.002289 0.002154 0.002040 0.001910
0.001267 0.001856 0.002240 0.002363 0.002566 0.002720 0.002382
0.000937 0.001466 0.001770 0.001827 0.001890 0.001893 0.001773
0.001007 0.001506 0.001971 0.002237 0.002350 0.002333 0.002025
0.001078 0.001584 0.001839 0.002067 0.002146 0.002093 0.001921
0.000670 0.001429 0.001614 0.001476 0.001553 0.001612 0.001566
0.001247 0.001763 0.001852 0.002042 0.002386 0.002559 0.002482
0.001224 0.001861 0.002091 0.001995 0.002268 0.002397 0.002299
0.001425 0.002443 0.003011 0.003394 0.003717 0.003961 0.003880
0.000852 0.001125 0.001285 0.001460 0.001648 0.001760 0.001408
0.000986 0.001553 0.001943 0.002149 0.002205 0.002128 0.001708
0.001413 0.002094 0.002503 0.003045 0.003222 0.003105 0.002866
0.001374 0.001974 0.002034 0.002147 0.003216 0.003822 0.003361
0.000546 0.000784 0.001055 0.001124 0.001041 0.001205 0.001180
0.000584 0.000742 0.000763 0.000791 0.001011 0.001140 0.000974
0.000943 0.001420 0.001706 0.001805 0.001834 0.001774 0.001593
0.001095 0.001687 0.002008 0.002104 0.002295 0.002602 0.002118
0.001333 0.002139 0.002570 0.002719 0.002687 0.002549 0.002193
0.000780 0.001098 0.001292 0.001355 0.001335 0.001257 0.001181
0.001194 0.001790 0.002329 0.002608 0.002750 0.002722 0.002178
0.001796 0.002990 0.003718 0.003834 0.003903 0.003797 0.003405
0.001558 0.002579 0.003137 0.003395 0.003434 0.003293 0.002793
0.001139 0.001764 0.002290 0.002512 0.002514 0.002392 0.002178
0.001413 0.002094 0.002503 0.003045 0.003222 0.003105 0.002866
0.001374 0.001974 0.002034 0.002147 0.003216 0.003822 0.003361
0.001166 0.001844 0.002390 0.002592 0.002571 0.002533 0.002400
0.001159 0.001681 0.001965 0.002149 0.002324 0.002425 0.001984
0.000950 0.001389 0.001756 0.001885 0.001923 0.002122 0.001661
0.001788 0.002818 0.003255 0.003711 0.004146 0.004302 0.003482
0.001537 0.002438 0.002847 0.003039 0.003189 0.003184 0.002696
0.001032 0.001512 0.001747 0.001824 0.001844 0.001855 0.001590
0.000738 0.001058 0.001416 0.001563 0.001664 0.001854 0.001491
0.000792 0.001130 0.001369 0.001562 0.001668 0.001666 0.001344
0.001493 0.002415 0.002926 0.003251 0.003378 0.003288 0.002988
0.001544 0.002305 0.002487 0.002402 0.002763 0.003100 0.003078
0.001730 0.002745 0.003544 0.003839 0.003846 0.003689 0.003288
0.001957 0.003344 0.004146 0.004481 0.004568 0.004436 0.003707
0.001112 0.001698 0.001978 0.002144 0.002165 0.002095 0.001866
0.001233 0.001915 0.002289 0.002579 0.002674 0.002630 0.002391
0.001849 0.002935 0.003426 0.003674 0.003684 0.003518 0.003090
0.001318 0.001850 0.002422 0.002667 0.002785 0.002984 0.002493
0.001849 0.002935 0.003426 0.003674 0.003684 0.003518 0.003090
0.001318 0.001850 0.002422 0.002667 0.002785 0.002984 0.002493
0.001471 0.002419 0.003027 0.003290 0.003364 0.003426 0.002991
0.000923 0.001272 0.001496 0.001553 0.001645 0.001741 0.001666
0.001344 0.002213 0.002792 0.003043 0.003058 0.002929 0.002534
0.001796 0.002664 0.002824 0.002860 0.002931 0.003196 0.003013
0.000838 0.001076 0.001146 0.001167 0.001440 0.001597 0.001315
0.000774 0.001333 0.001629 0.001671 0.001626 0.001590 0.001447
0.000843 0.001317 0.001688 0.001866 0.001916 0.002073 0.001735
0.001892 0.003096 0.004037 0.004397 0.004159 0.004037 0.003652
0.000685 0.001071 0.001453 0.001564 0.001493 0.001695 0.001691
0.000798 0.001060 0.001091 0.001107 0.001432 0.001609 0.001490
0.000749 0.001360 0.001624 0.001852 0.002034 0.002132 0.002087
0.001633 0.002526 0.003331 0.003650 0.003719 0.003632 0.003357
0.002007 0.003512 0.004522 0.005005 0.005075 0.004879 0.004155
0.001711 0.002857 0.003441 0.003682 0.003662 0.003494 0.003191
0.002702 0.003634 0.003945 0.004469 0.005670 0.006720 0.006655
0.001799 0.002478 0.002508 0.002775 0.003981 0.005030 0.004722
0.001320 0.002150 0.002685 0.002890 0.002853 0.002704 0.002425
0.002329 0.003950 0.004705 0.005180 0.005263 0.005212 0.004855
0.001821 0.002792 0.003459 0.004020 0.004150 0.004049 0.003689
0.001082 0.001513 0.001703 0.001730 0.001749 0.001717 0.001331
0.002560 0.003913 0.004334 0.004432 0.004895 0.005345 0.004910
0.001753 0.002854 0.003293 0.003318 0.003797 0.003826 0.003447
0.001333 0.002031 0.002227 0.002502 0.003037 0.003410 0.003444
0.002067 0.003464 0.004079 0.004613 0.005046 0.005047 0.004116
0.002173 0.003717 0.004638 0.005047 0.005023 0.004711 0.004325
0.002405 0.003569 0.004359 0.005163 0.005733 0.006112 0.005076
0.001590 0.002677 0.003356 0.003717 0.003881 0.003817 0.003188
0.001615 0.002698 0.003319 0.003569 0.003690 0.003656 0.002967
0.001046 0.001640 0.002046 0.002198 0.002246 0.002181 0.001910
0.000739 0.001286 0.001660 0.001812 0.001831 0.001757 0.001640
0.002007 0.003512 0.004522 0.005005 0.005075 0.004879 0.004155
0.001711 0.002857 0.003441 0.003682 0.003662 0.003494 0.003191
0.001566 0.002649 0.003303 0.003649 0.003737 0.003664 0.002791
0.001724 0.003019 0.003810 0.004127 0.004154 0.003978 0.003167
0.001283 0.002028 0.002439 0.002694 0.002807 0.002769 0.002182
0.001215 0.002120 0.002824 0.003113 0.003143 0.003043 0.002802
0.001477 0.002262 0.002637 0.002826 0.002937 0.002923 0.002708
0.001823 0.002971 0.004068 0.005024 0.005609 0.005872 0.005693
0.001974 0.003138 0.003557 0.003774 0.004001 0.003992 0.003468
0.001028 0.001604 0.001947 0.002259 0.002455 0.002477 0.002209
0.002012 0.003007 0.003218 0.003417 0.003759 0.003914 0.003748
0.002411 0.004572 0.006060 0.006857 0.006851 0.006686 0.006201
0.002439 0.004567 0.005995 0.006742 0.006996 0.006862 0.005168
0.002923 0.005406 0.006935 0.007601 0.007673 0.007326 0.006251
0.001332 0.002003 0.002681 0.003114 0.003292 0.003317 0.002789
0.001702 0.002732 0.003555 0.003914 0.003880 0.003664 0.003323
0.001503 0.002164 0.002373 0.002276 0.002501 0.002944 0.002956
0.001390 0.002277 0.002931 0.003158 0.003237 0.003112 0.003080
0.000895 0.001193 0.001633 0.001726 0.001978 0.002256 0.002222
0.002088 0.003443 0.004081 0.004278 0.004269 0.004294 0.003905
0.002131 0.003835 0.005102 0.005794 0.006019 0.005849 0.005180
0.001302 0.002005 0.002338 0.002477 0.002554 0.002509 0.002146
0.002353 0.004563 0.006273 0.006961 0.007003 0.007060 0.006520
0.001641 0.002183 0.002502 0.002923 0.004341 0.005064 0.003965
0.001675 0.002794 0.003478 0.003856 0.003973 0.003847 0.002966
0.001165 0.001938 0.002476 0.002702 0.002768 0.002663 0.002353
0.000749 0.001360 0.001624 0.001852 0.002034 0.002132 0.002087
0.001633 0.002526 0.003331 0.003650 0.003719 0.003632 0.003357
0.001907 0.003276 0.004222 0.004676 0.004750 0.004521 0.003772
0.000741 0.001064 0.001354 0.001469 0.001511 0.001501 0.001421
0.002073 0.003408 0.004311 0.004721 0.005283 0.005465 0.004874
0.001097 0.001424 0.001677 0.001888 0.001986 0.002185 0.001962
0.001875 0.003283 0.004108 0.004462 0.004482 0.004263 0.003708
0.001194 0.001928 0.002395 0.002663 0.002725 0.002659 0.002449
0.001620 0.002666 0.003239 0.003522 0.003609 0.003508 0.002820
0.001370 0.002206 0.002547 0.002917 0.003281 0.003683 0.003033
0.001810 0.002853 0.003531 0.004038 0.004311 0.004460 0.004282
0.001945 0.002986 0.003259 0.003205 0.003265 0.003381 0.002842
0.002352 0.004486 0.005715 0.005894 0.006456 0.006525 0.006091
0.003485 0.005265 0.006272 0.006567 0.007042 0.008161 0.008134
0.002645 0.004229 0.004948 0.005411 0.006793 0.007487 0.005673
0.002205 0.003685 0.004467 0.005098 0.005589 0.005758 0.005342
0.002482 0.004385 0.005513 0.006101 0.006054 0.005759 0.005208
0.001934 0.003350 0.003933 0.004403 0.004822 0.005353 0.004363
0.003279 0.005842 0.007238 0.007708 0.007623 0.007304 0.006648
0.002630 0.003705 0.004159 0.004431 0.006859 0.007909 0.005943
0.002833 0.005005 0.006167 0.006620 0.006845 0.006742 0.006229
0.002435 0.004533 0.006132 0.007003 0.007294 0.007173 0.005566
0.002833 0.005005 0.006167 0.006620 0.006845 0.006742 0.006229
0.002435 0.004533 0.006132 0.007003 0.007294 0.007173 0.005566
0.002439 0.004021 0.004879 0.005490 0.005864 0.005853 0.004584
0.001835 0.002913 0.003503 0.003705 0.003752 0.003693 0.002832
0.002055 0.003487 0.004510 0.004994 0.004975 0.004742 0.004334
0.001298 0.002168 0.002732 0.002943 0.003046 0.002982 0.002542
0.001175 0.001858 0.002211 0.002385 0.002386 0.002281 0.002085
0.002178 0.003574 0.004151 0.004156 0.004129 0.004308 0.004148
0.002081 0.003565 0.004560 0.005335 0.005637 0.005503 0.004550
0.002377 0.003869 0.004966 0.005288 0.005439 0.005480 0.004393
0.003370 0.005440 0.006338 0.006475 0.006777 0.006558 0.005932
0.002188 0.003564 0.003884 0.003956 0.006270 0.007104 0.005507
0.001979 0.002980 0.003594 0.003497 0.004297 0.004881 0.004368
0.003909 0.006323 0.008321 0.009475 0.011353 0.012794 0.012693
0.001050 0.001533 0.001984 0.002195 0.002225 0.002514 0.002510
0.001251 0.001705 0.001804 0.001871 0.002204 0.002490 0.002472
0.002882 0.004827 0.005969 0.007041 0.007880 0.008152 0.006361
0.001430 0.002062 0.002425 0.002674 0.003080 0.003237 0.002927
0.002808 0.004966 0.006193 0.006840 0.006984 0.006754 0.006127
0.002246 0.003910 0.004907 0.005427 0.005414 0.005159 0.004669
0.001812 0.003038 0.004040 0.004329 0.004311 0.004222 0.003811
0.002510 0.004088 0.005081 0.005666 0.005894 0.005842 0.004835
0.001562 0.002490 0.003099 0.003420 0.003840 0.003867 0.002977
0.002216 0.003852 0.004647 0.004690 0.004812 0.004760 0.004573
0.002607 0.004154 0.004719 0.005270 0.005409 0.005228 0.004780
0.001436 0.002391 0.002979 0.003296 0.003358 0.003242 0.002904
0.001476 0.001961 0.002827 0.003223 0.003213 0.003356 0.003214
0.001505 0.002420 0.003088 0.003431 0.003532 0.003417 0.002860
0.002081 0.003565 0.004560 0.005335 0.005637 0.005503 0.004550
0.002377 0.003869 0.004966 0.005288 0.005439 0.005480 0.004393
0.002507 0.004207 0.005059 0.005452 0.005499 0.005251 0.003918
0.001623 0.002719 0.003334 0.003621 0.003604 0.003712 0.003485
0.003574 0.005206 0.005738 0.006088 0.007334 0.009124 0.009478
0.002456 0.003508 0.003445 0.003241 0.004925 0.006885 0.006698
0.001092 0.001744 0.002171 0.002356 0.002363 0.002485 0.002118
0.002146 0.003610 0.004458 0.004866 0.004915 0.004819 0.004311
0.001220 0.001757 0.002009 0.002483 0.002664 0.002574 0.002543
0.002376 0.003523 0.003953 0.004444 0.004688 0.004652 0.004229
0.003182 0.005082 0.006372 0.008057 0.009158 0.009329 0.006874
0.001926 0.003096 0.003789 0.004346 0.004483 0.004432 0.004057
0.002379 0.004018 0.005016 0.005767 0.005935 0.005720 0.005274
0.001559 0.002203 0.002432 0.002572 0.002686 0.002717 0.002262
0.001527 0.002586 0.003178 0.003412 0.003403 0.003308 0.002902
0.001971 0.003381 0.004173 0.004477 0.004448 0.004181 0.003618
0.002912 0.005077 0.006207 0.006580 0.006747 0.006609 0.006105
0.001706 0.002872 0.003455 0.003841 0.003876 0.003742 0.003442
0.001926 0.003091 0.003529 0.003584 0.003815 0.003783 0.003264
0.002522 0.004266 0.005439 0.005774 0.006026 0.006210 0.005177
0.002882 0.004827 0.005969 0.007041 0.007880 0.008152 0.006361
0.001430 0.002062 0.002425 0.002674 0.003080 0.003237 0.002927
0.002821 0.004806 0.006768 0.007839 0.008448 0.008363 0.007616
0.002292 0.003895 0.004625 0.004750 0.004795 0.004689 0.004420
0.002213 0.003289 0.003868 0.003877 0.003747 0.003779 0.003385
0.003379 0.004371 0.005257 0.006068 0.006356 0.007392 0.006285
0.005090 0.008122 0.010562 0.011893 0.012248 0.011995 0.011603
0.002986 0.004777 0.005918 0.006367 0.006910 0.007673 0.007563
0.002619 0.004879 0.006318 0.006996 0.007200 0.007021 0.005838
0.002623 0.004814 0.006340 0.007055 0.007386 0.007270 0.006663
0.003132 0.005738 0.007364 0.008119 0.008232 0.008216 0.007576
0.003758 0.006750 0.008936 0.010428 0.011684 0.011880 0.009084
0.002674 0.004335 0.005309 0.005729 0.005873 0.005687 0.005016
0.004492 0.008159 0.010415 0.011456 0.011696 0.011448 0.010805
0.002580 0.004649 0.005899 0.006467 0.006473 0.006528 0.006395
0.002563 0.005627 0.007887 0.010098 0.012394 0.013549 0.013045
0.003271 0.005486 0.007036 0.008051 0.008279 0.007959 0.007213
0.002189 0.003053 0.003367 0.003684 0.003951 0.004072 0.003450
0.002624 0.004223 0.005067 0.005557 0.005504 0.005687 0.004974
0.003261 0.005746 0.007056 0.007815 0.007816 0.007427 0.006508
0.002624 0.004223 0.005067 0.005557 0.005504 0.005687 0.004974
0.003261 0.005746 0.007056 0.007815 0.007816 0.007427 0.006508
0.001730 0.002133 0.002904 0.003355 0.003409 0.003552 0.003369
0.003103 0.006951 0.009886 0.010918 0.010397 0.010241 0.010123
0.002117 0.003750 0.004746 0.005179 0.005233 0.005004 0.004312
0.002900 0.005260 0.008589 0.011444 0.013072 0.014261 0.014080
0.001622 0.002560 0.002964 0.003154 0.003123 0.003183 0.002837
0.003511 0.005728 0.006674 0.007391 0.007940 0.007925 0.007283
0.001655 0.002344 0.002626 0.002761 0.003009 0.003781 0.003215
0.003302 0.005164 0.005761 0.006185 0.006547 0.006867 0.006518
0.003261 0.005081 0.005702 0.005816 0.005590 0.005548 0.005005
0.002017 0.003348 0.003841 0.004038 0.004229 0.004229 0.003996
0.001746 0.002656 0.003175 0.003537 0.003542 0.003554 0.003574
0.004810 0.007926 0.009376 0.010953 0.011546 0.011758 0.011699
0.002850 0.005247 0.006760 0.007593 0.007655 0.007359 0.006677
0.003712 0.006739 0.008563 0.009627 0.009669 0.009187 0.008409
0.003106 0.005329 0.006814 0.007702 0.007939 0.007666 0.005681
0.002112 0.003503 0.004176 0.004394 0.004796 0.004986 0.003963
0.003833 0.006175 0.007596 0.008776 0.009500 0.009667 0.009186
0.002001 0.003436 0.004187 0.004546 0.004553 0.004406 0.004064
0.002550 0.004763 0.006214 0.006863 0.007013 0.006755 0.005465
0.004085 0.007436 0.009477 0.010348 0.010425 0.009905 0.009115
0.002192 0.003618 0.004888 0.005362 0.005201 0.004920 0.004597
0.002629 0.004381 0.005516 0.005986 0.006047 0.005819 0.005302
0.003223 0.005452 0.006837 0.007665 0.007801 0.007916 0.007476
0.003667 0.006757 0.008545 0.009925 0.010940 0.011114 0.008661
0.001452 0.002503 0.003205 0.003385 0.003328 0.003654 0.003658
0.001806 0.002733 0.003103 0.003189 0.003462 0.003722 0.003761
0.003321 0.005763 0.007111 0.008224 0.008397 0.008156 0.007438
0.001915 0.003292 0.004446 0.004925 0.004973 0.004801 0.004404
0.004103 0.006980 0.008785 0.011781 0.015418 0.015933 0.011027
0.002444 0.003948 0.004612 0.005581 0.005927 0.005847 0.005419
0.001561 0.002601 0.003039 0.003349 0.003647 0.003750 0.003598
0.003481 0.005726 0.007599 0.008709 0.008899 0.008670 0.007950
0.002347 0.004042 0.004911 0.005314 0.005419 0.005244 0.004800
0.001818 0.002943 0.003488 0.003801 0.003874 0.003791 0.003514
0.002600 0.003968 0.004335 0.004553 0.005375 0.005964 0.005711
0.003586 0.006353 0.008157 0.009111 0.009119 0.008905 0.007877
0.001448 0.002221 0.002720 0.002887 0.003017 0.003757 0.003653
0.005217 0.008252 0.009338 0.010067 0.010469 0.011515 0.011238
0.003590 0.006272 0.007652 0.008703 0.008757 0.008286 0.007499
0.003590 0.006312 0.007740 0.008178 0.008130 0.008277 0.007536
0.004192 0.007989 0.010560 0.011690 0.012012 0.011488 0.010424
0.003854 0.006461 0.007995 0.009538 0.009881 0.009776 0.009153
0.005208 0.008855 0.011339 0.012730 0.013363 0.013291 0.011704
0.003245 0.005743 0.007068 0.007673 0.007896 0.007980 0.007539
0.004870 0.008939 0.012340 0.014771 0.016314 0.016090 0.013976
0.003508 0.005707 0.006605 0.007009 0.007015 0.007376 0.007113
0.003829 0.006752 0.009701 0.012146 0.012783 0.012558 0.011597
0.004164 0.006942 0.007987 0.008939 0.010798 0.011446 0.009393
0.002757 0.004004 0.004726 0.005387 0.005314 0.005481 0.005462
0.004448 0.006297 0.008375 0.009062 0.009144 0.010121 0.007675
0.004064 0.007194 0.008881 0.009588 0.010015 0.009826 0.009227
0.004310 0.007792 0.009670 0.011613 0.012972 0.013674 0.013189
0.003421 0.005192 0.005994 0.006259 0.006990 0.007130 0.006762
0.003960 0.006343 0.008904 0.009647 0.009502 0.009643 0.008921
0.002720 0.004639 0.005880 0.006653 0.006708 0.006649 0.005530
0.002885 0.005791 0.009941 0.013429 0.015486 0.016900 0.016811
0.003177 0.005817 0.007453 0.008290 0.008320 0.008107 0.007032
0.002390 0.004171 0.005287 0.005706 0.005679 0.005461 0.004770
0.002692 0.004485 0.005773 0.006215 0.006686 0.006810 0.006216
0.002761 0.004431 0.005553 0.006340 0.006412 0.006296 0.005896
0.003732 0.006396 0.007808 0.008954 0.009286 0.009294 0.008333
0.004451 0.008225 0.010629 0.011735 0.012033 0.011966 0.011173
0.005902 0.009881 0.011661 0.013561 0.013284 0.012627 0.011831
0.001794 0.002746 0.003854 0.004346 0.004395 0.004399 0.004193
0.002123 0.003477 0.004185 0.004668 0.004806 0.004584 0.004440
0.005827 0.009664 0.011473 0.011754 0.012671 0.012905 0.012441
0.003319 0.005623 0.006886 0.007647 0.007694 0.007399 0.006770
0.004396 0.008195 0.010907 0.012630 0.013098 0.013141 0.012634
0.002811 0.005292 0.008200 0.010061 0.010538 0.010462 0.009800
0.002094 0.003788 0.004574 0.004566 0.004907 0.005089 0.004798
0.002808 0.004868 0.006009 0.006866 0.006993 0.006736 0.006135
0.003215 0.005636 0.007422 0.008651 0.009214 0.009256 0.008687
0.002493 0.003199 0.003809 0.004273 0.004363 0.004903 0.004197
0.003727 0.008192 0.012446 0.014271 0.013820 0.013044 0.012704
0.003900 0.007039 0.009216 0.010711 0.010898 0.010666 0.009975
0.002858 0.005179 0.006682 0.007464 0.007422 0.007283 0.006403
0.004133 0.006311 0.006978 0.007055 0.007376 0.007497 0.007214
0.002669 0.004656 0.006358 0.007306 0.007883 0.007974 0.007056
0.003067 0.004969 0.005698 0.006236 0.006913 0.007175 0.005425
0.003825 0.007236 0.009839 0.011343 0.011872 0.011374 0.009701
0.004352 0.007806 0.010156 0.012293 0.012887 0.012914 0.012145
0.002040 0.003125 0.003636 0.003785 0.003801 0.004061 0.003664
0.004036 0.007419 0.009413 0.011036 0.011852 0.012232 0.012146
0.005435 0.008604 0.010190 0.012252 0.013689 0.013556 0.011034
0.003458 0.006655 0.008887 0.010043 0.010456 0.010213 0.008848
0.003710 0.006608 0.008279 0.008929 0.009007 0.008691 0.007856
0.003452 0.006513 0.009833 0.011526 0.012157 0.012130 0.011193
0.002943 0.005310 0.006662 0.007453 0.007832 0.007989 0.007542
0.004870 0.008939 0.012340 0.014771 0.016314 0.016090 0.013976
0.003508 0.005707 0.006605 0.007009 0.007015 0.007376 0.007113
0.004910 0.007973 0.009433 0.010120 0.010749 0.011033 0.010651
0.002496 0.004400 0.005435 0.005794 0.005714 0.005537 0.005030
0.003585 0.006663 0.008654 0.009708 0.010133 0.010049 0.007359
0.003379 0.006078 0.007952 0.009511 0.009904 0.009722 0.009027
0.003898 0.006531 0.007484 0.007906 0.008215 0.008343 0.008235
0.003866 0.006845 0.009419 0.010593 0.011017 0.010588 0.009157
0.003698 0.006637 0.008941 0.010979 0.012570 0.012730 0.009086
0.002571 0.004630 0.006188 0.006603 0.006348 0.006959 0.006272
0.003898 0.006531 0.007484 0.007906 0.008215 0.008343 0.008235
0.003866 0.006845 0.009419 0.010593 0.011017 0.010588 0.009157
0.005804 0.010393 0.013496 0.014847 0.015219 0.014601 0.013265
0.005756 0.010749 0.014487 0.016277 0.016804 0.016036 0.011115
0.004642 0.008526 0.011684 0.014095 0.015305 0.015689 0.016268
0.004991 0.009061 0.012004 0.014003 0.015184 0.015215 0.010745
0.005617 0.011031 0.016048 0.019767 0.022427 0.022734 0.017463
0.005091 0.008770 0.010550 0.012196 0.013215 0.013689 0.011827
0.003937 0.008395 0.013565 0.018545 0.021699 0.024478 0.023596
0.007027 0.011116 0.013023 0.013016 0.013468 0.013657 0.013265
0.004907 0.006594 0.008491 0.008991 0.009562 0.009732 0.009201
0.007585 0.013834 0.017066 0.017976 0.018548 0.018479 0.018014
0.006248 0.010522 0.012773 0.013592 0.014909 0.015397 0.014266
0.006165 0.009064 0.013628 0.016567 0.016683 0.015369 0.013555
0.005307 0.007852 0.009912 0.010894 0.015585 0.020715 0.015139
0.004495 0.008280 0.013697 0.017222 0.018044 0.017660 0.017349
0.004453 0.006900 0.007787 0.008086 0.009313 0.009648 0.009208
0.003275 0.008780 0.013328 0.015692 0.014995 0.014251 0.012850
0.005272 0.010278 0.013841 0.015256 0.015682 0.014895 0.013940
0.004235 0.006871 0.008477 0.009215 0.009280 0.009053 0.008503
0.003881 0.007027 0.009760 0.011518 0.013174 0.014154 0.014150
0.004383 0.006743 0.008555 0.010145 0.011770 0.011774 0.010372
0.004891 0.008688 0.010864 0.013456 0.016301 0.016398 0.011476
0.005992 0.009880 0.011805 0.014673 0.016214 0.015786 0.015200
0.007182 0.015468 0.018577 0.020659 0.021894 0.022573 0.016118
0.003010 0.005050 0.005953 0.005685 0.005937 0.006383 0.006225
0.004208 0.006373 0.007438 0.008103 0.008664 0.008339 0.007538
0.005649 0.009318 0.012595 0.015574 0.016939 0.016728 0.016421
0.005001 0.008910 0.011284 0.012294 0.013029 0.012830 0.011154
0.005805 0.009835 0.011952 0.013620 0.014656 0.015193 0.014963
0.005026 0.009359 0.012224 0.014644 0.016065 0.016789 0.016658
0.002982 0.005098 0.006322 0.007177 0.007208 0.007006 0.006656
0.004103 0.007504 0.010645 0.012885 0.013738 0.013370 0.009757
0.004907 0.009217 0.012559 0.014619 0.015039 0.014130 0.014064
0.004481 0.005912 0.006747 0.007057 0.008737 0.011015 0.008231
0.004264 0.010597 0.017153 0.022305 0.022692 0.022021 0.021803
0.004603 0.008309 0.011108 0.013340 0.014052 0.014176 0.013558
0.005292 0.010203 0.014330 0.016416 0.017201 0.016554 0.012239
0.011606 0.012919 0.014888 0.015412 0.016603 0.016848 0.011833
0.003751 0.006465 0.008822 0.010659 0.011307 0.011499 0.010911
0.004326 0.006407 0.007425 0.008794 0.010587 0.011096 0.008076
0.009445 0.012417 0.014749 0.015379 0.014858 0.014210 0.010035
0.008135 0.014343 0.018487 0.023762 0.027348 0.026698 0.025713
0.002606 0.004246 0.005004 0.005653 0.005830 0.005977 0.005633
0.004386 0.007996 0.011578 0.013756 0.014748 0.016626 0.017375
0.005490 0.010575 0.013249 0.014746 0.015139 0.014378 0.014519
0.004625 0.008761 0.012550 0.015361 0.016468 0.016211 0.012521
0.005851 0.011240 0.014947 0.016529 0.017024 0.016166 0.012941
0.005322 0.008883 0.014077 0.018405 0.020146 0.020789 0.020621
0.007026 0.011522 0.012510 0.013615 0.013982 0.013932 0.014009
0.005617 0.011031 0.016048 0.019767 0.022427 0.022734 0.017463
0.005091 0.008770 0.010550 0.012196 0.013215 0.013689 0.011827
0.012829 0.013546 0.014524 0.014596 0.013568 0.012856 0.010672
0.003996 0.006676 0.007869 0.007971 0.009662 0.010496 0.010410
0.004747 0.009532 0.012910 0.014692 0.015454 0.015017 0.010535
0.004489 0.007535 0.011198 0.014538 0.016360 0.017171 0.016711
0.005359 0.009420 0.012231 0.014029 0.014554 0.014656 0.014477
0.005339 0.009785 0.012787 0.014889 0.015632 0.015397 0.015605
0.006498 0.010308 0.012037 0.013403 0.014570 0.015828 0.016263
0.004508 0.006666 0.008685 0.010057 0.010041 0.010101 0.009636
0.005359 0.009420 0.012231 0.014029 0.014554 0.014656 0.014477
0.005339 0.009785 0.012787 0.014889 0.015632 0.015397 0.015605
0.005230 0.009506 0.011920 0.014850 0.016545 0.017348 0.017924
0.009588 0.015422 0.016798 0.016603 0.016655 0.015697 0.014229
0.006711 0.010866 0.014838 0.017457 0.019445 0.019247 0.015951
0.005939 0.010564 0.014361 0.017879 0.018725 0.019038 0.018992
0.006717 0.010947 0.014529 0.017546 0.019168 0.020308 0.020933
0.006151 0.011230 0.014658 0.015966 0.016621 0.015915 0.013820
0.004202 0.009573 0.014427 0.016609 0.015975 0.014746 0.013510
0.008092 0.013847 0.015129 0.016877 0.017090 0.016927 0.016100
0.006164 0.008899 0.010374 0.012598 0.013416 0.013627 0.011815
0.012864 0.018069 0.018898 0.019098 0.019316 0.018469 0.018081
0.006401 0.010468 0.012945 0.013980 0.016689 0.018224 0.014114
0.014515 0.013856 0.013810 0.013832 0.017282 0.020239 0.021498
0.005594 0.009182 0.012403 0.013344 0.019083 0.021941 0.014585
0.006085 0.009452 0.016942 0.022980 0.028423 0.030500 0.029485
0.004824 0.008063 0.009568 0.010328 0.011944 0.012578 0.009667
0.008327 0.015724 0.019651 0.021551 0.022984 0.025046 0.026351
0.006180 0.010639 0.016295 0.020568 0.021626 0.022174 0.021875
0.007179 0.012657 0.015890 0.017277 0.017337 0.015903 0.015733
0.005222 0.009287 0.012608 0.016107 0.019161 0.021056 0.021641
0.004386 0.008569 0.010754 0.010687 0.013170 0.016444 0.015802
0.013076 0.013313 0.014150 0.014934 0.014475 0.014035 0.011252
0.005585 0.010044 0.014803 0.019745 0.021326 0.022335 0.022283
0.006562 0.013705 0.020096 0.029294 0.038925 0.040010 0.029703
0.003239 0.005345 0.006738 0.007419 0.007827 0.008479 0.008235
0.005770 0.009408 0.010576 0.010905 0.011468 0.012197 0.011221
0.009120 0.011241 0.013503 0.014308 0.014584 0.015712 0.015471
0.004973 0.008949 0.012245 0.015166 0.016302 0.016772 0.016931
0.006868 0.009918 0.012366 0.015886 0.017992 0.019576 0.020001
0.006464 0.013145 0.018662 0.022461 0.025043 0.025800 0.017327
0.005084 0.009119 0.011841 0.013071 0.013428 0.012751 0.010531
0.008065 0.020051 0.023445 0.026557 0.030275 0.030110 0.020730
0.008195 0.017942 0.021231 0.021898 0.022379 0.022052 0.015534
0.005573 0.007782 0.010110 0.011207 0.014948 0.016697 0.013277
0.005820 0.010396 0.016200 0.022863 0.027723 0.024006 0.025085
0.005908 0.011717 0.016012 0.018280 0.019072 0.017909 0.014711
0.006476 0.012236 0.015824 0.017165 0.017306 0.016192 0.012748
0.007896 0.012291 0.016526 0.020198 0.020933 0.020322 0.019033
0.003617 0.007480 0.011281 0.014509 0.016496 0.017604 0.017071
0.005035 0.008007 0.011249 0.013964 0.015677 0.015436 0.010637
0.006289 0.014285 0.020283 0.023269 0.027380 0.027099 0.017901
0.004400 0.019487 0.033344 0.039956 0.043763 0.046650 0.044687
0.003213 0.005478 0.006384 0.007635 0.008478 0.008984 0.009114
0.005023 0.009991 0.015043 0.018594 0.020086 0.020335 0.017647
0.008702 0.013863 0.016792 0.017026 0.015656 0.018673 0.019806
0.004365 0.008460 0.012761 0.016242 0.017840 0.017533 0.013589
0.005519 0.010445 0.013816 0.015544 0.016147 0.015606 0.015108
0.006839 0.011987 0.014827 0.015805 0.015797 0.015796 0.016967
0.006537 0.011794 0.015295 0.018111 0.019698 0.019582 0.014736
0.006717 0.011381 0.017137 0.022342 0.027234 0.029760 0.020931
0.006151 0.011230 0.014658 0.015966 0.016621 0.015915 0.013820
0.010745 0.017151 0.018279 0.017604 0.015393 0.014270 0.012566
0.005087 0.008024 0.009062 0.010325 0.012061 0.012794 0.012804
0.003863 0.008203 0.012302 0.014938 0.015687 0.015831 0.015038
0.004131 0.009052 0.014533 0.018657 0.021344 0.023871 0.023426
0.026758 0.021478 0.020002 0.018523 0.015709 0.015711 0.015958
0.009983 0.013856 0.015465 0.016123 0.013650 0.014256 0.014723
0.006858 0.013181 0.016842 0.018565 0.018056 0.018676 0.019952
0.006855 0.012183 0.015810 0.017354 0.017311 0.015745 0.013960
0.026758 0.021478 0.020002 0.018523 0.015709 0.015711 0.015958
0.009983 0.013856 0.015465 0.016123 0.013650 0.014256 0.014723
0.005684 0.010200 0.013183 0.016223 0.019002 0.021319 0.023267
0.004718 0.008115 0.012775 0.016130 0.017576 0.017937 0.017487
0.012670 0.013205 0.014555 0.017620 0.019994 0.022314 0.022901
0.007326 0.012708 0.014644 0.016756 0.018099 0.017974 0.015234
0.006908 0.012969 0.019477 0.021141 0.029253 0.032596 0.023257
0.006681 0.012803 0.016938 0.021287 0.023204 0.024913 0.023712
0.005277 0.010803 0.017725 0.026065 0.032377 0.037585 0.035402
0.007361 0.011990 0.014154 0.015291 0.015783 0.015540 0.015573
0.011937 0.013260 0.015049 0.015987 0.016715 0.015024 0.015873
0.009940 0.017593 0.019459 0.020113 0.022159 0.021527 0.019522
0.012013 0.014196 0.017163 0.017716 0.018334 0.020398 0.016544
0.021385 0.019733 0.019361 0.018148 0.016591 0.022357 0.024189
0.008921 0.011482 0.012655 0.013872 0.026578 0.034903 0.023784
0.006333 0.011508 0.014607 0.026583 0.039458 0.045121 0.043918
0.004782 0.007584 0.009757 0.011586 0.014800 0.017897 0.016917
0.005770 0.008957 0.011945 0.014468 0.018153 0.024327 0.023787
0.006196 0.010348 0.012549 0.014978 0.016126 0.016658 0.016438
0.008365 0.014195 0.017729 0.019181 0.019324 0.018506 0.017506
0.006595 0.011069 0.013772 0.015294 0.015509 0.017378 0.019061
0.012064 0.012820 0.014179 0.013993 0.013935 0.015682 0.018207
0.008207 0.013121 0.016882 0.018502 0.020952 0.022007 0.015012
0.007999 0.021726 0.024916 0.023767 0.027206 0.025810 0.016765
0.005232 0.009974 0.014631 0.024707 0.039238 0.044489 0.031772
0.004047 0.006648 0.008773 0.009655 0.009866 0.011442 0.010602
0.007174 0.012263 0.013985 0.014182 0.014859 0.014663 0.012463
0.024856 0.020192 0.018531 0.017577 0.017147 0.018990 0.016732
0.005937 0.010703 0.014235 0.017221 0.019039 0.020292 0.020295
0.015950 0.015904 0.016642 0.016216 0.014389 0.013518 0.012058
0.011848 0.018561 0.021348 0.022247 0.020657 0.019725 0.019014
0.005536 0.010953 0.014875 0.017183 0.018680 0.018016 0.013998
0.004386 0.007807 0.011136 0.013812 0.015053 0.016230 0.016691
0.006145 0.069528 0.076063 0.077652 0.080174 0.096685 0.046278
0.006095 0.010709 0.013372 0.014650 0.015098 0.016439 0.016704
0.008964 0.013109 0.018967 0.023801 0.020724 0.021270 0.065598
0.007691 0.013274 0.016612 0.018248 0.019064 0.018097 0.017421
0.004064 0.007822 0.011922 0.015170 0.016329 0.016984 0.016946
0.014806 0.026548 0.028903 0.027442 0.023186 0.020860 0.019366
0.004372 0.009943 0.013406 0.014098 0.012318 0.009819 0.008444
0.012956 0.012950 0.013432 0.012809 0.016135 0.020128 0.015546
0.005254 0.012016 0.018190 0.023238 0.029505 0.031007 0.020199
0.005119 0.010320 0.014720 0.016669 0.015507 0.013563 0.012229
0.003738 0.005956 0.007245 0.009201 0.010047 0.011808 0.011638
0.005626 0.009325 0.015771 0.021464 0.024955 0.027222 0.017947
0.006866 0.009750 0.010620 0.011423 0.013876 0.016699 0.018748
0.005472 0.011912 0.017841 0.023145 0.027100 0.027779 0.017964
0.006147 0.011990 0.016215 0.018247 0.019010 0.018334 0.019022
0.013755 0.014375 0.016846 0.018626 0.019368 0.019786 0.021713
0.023592 0.020249 0.019252 0.019664 0.021737 0.022555 0.015995
0.006908 0.014680 0.022781 0.023873 0.029253 0.032596 0.025596
0.006681 0.012803 0.016938 0.021287 0.023204 0.024913 0.023712
0.015191 0.026126 0.027812 0.024606 0.020468 0.020284 0.019077
0.005864 0.009468 0.011065 0.013092 0.015196 0.015656 0.013590
0.003761 0.008644 0.013684 0.017310 0.019388 0.019239 0.017523
0.003896 0.010569 0.017183 0.022290 0.027833 0.030184 0.028223
0.017186 0.016589 0.016772 0.016909 0.018416 0.020091 0.020933
0.019680 0.018808 0.018486 0.018715 0.019654 0.018519 0.018137
0.007339 0.012823 0.016512 0.021431 0.023263 0.023779 0.023962
0.018712 0.016766 0.015711 0.014984 0.015163 0.015551 0.013008
0.017186 0.019396 0.020944 0.020282 0.019026 0.020091 0.020933
0.019680 0.018808 0.018486 0.018715 0.019654 0.018519 0.018137
0.023659 0.021806 0.022788 0.023353 0.021979 0.020578 0.014876
0.007992 0.011552 0.018053 0.022215 0.023676 0.023920 0.023302
0.006407 0.011361 0.013519 0.015284 0.015095 0.014904 0.014864
0.009911 0.012741 0.015844 0.018460 0.019038 0.016659 0.013484
0.006128 0.008848 0.016335 0.020374 0.018572 0.016209 0.013690
0.005600 0.009468 0.010867 0.011510 0.014876 0.018260 0.013235
0.005054 0.013438 0.019038 0.023983 0.027216 0.277892 0.201623
0.004878 0.008570 0.012203 0.019083 0.034289 0.041261 0.028565
0.021252 0.038447 0.060125 0.018724 0.017951 0.016409 0.011444
0.012575 0.020245 0.021177 0.018329 0.018101 0.019074 0.014738
0.009713 0.020302 0.024755 0.023502 0.021377 0.021870 0.020523
0.018765 0.028659 0.029612 0.027113 0.022218 0.022201 0.023136
0.009936 0.015126 0.013954 0.013403 0.014720 0.017712 0.020267
0.005970 0.009136 0.014815 0.020436 0.025347 0.028247 0.028545
0.006904 0.008997 0.010246 0.009097 0.013507 0.028800 0.024062
0.006902 0.009422 0.013037 0.016397 0.017059 0.018555 0.016574
0.022734 0.021371 0.021654 0.022679 0.022878 0.020840 0.015998
0.012221 0.019136 0.020710 0.020301 0.020060 0.020023 0.018361
0.014362 0.014658 0.015542 0.016577 0.018088 0.021440 0.024354
0.006099 0.010551 0.018290 0.024367 0.031851 0.037172 0.028960
0.007196 0.013553 0.015844 0.017423 0.015919 0.017070 0.018783
0.007789 0.013667 0.016927 0.020380 0.022914 0.023760 0.022883
0.015065 0.022648 0.027188 0.087262 0.102175 0.022839 0.024968
0.005761 0.010300 0.013450 0.014951 0.018461 0.026934 0.018120
0.018148 0.024800 0.024840 0.027471 0.017612 0.013372 0.012794
0.024282 0.021972 0.024100 0.029424 0.032071 0.030814 0.020551
0.007791 0.013813 0.016822 0.018673 0.018530 0.017519 0.016630
0.019231 0.024992 0.024855 0.021636 0.019959 0.019623 0.014775
0.017451 0.018006 0.020313 0.022830 0.023659 0.022551 0.015089
0.017672 0.020100 0.018989 0.018493 0.019553 0.018797 0.018978
0.012460 0.020524 0.022483 0.022289 0.022593 0.022539 0.021886
0.051370 0.044324 0.044254 0.047797 0.053242 0.058827 0.045884
0.003396 0.006860 0.010637 0.016370 0.022471 0.023972 0.022170
0.037156 0.033135 0.034406 0.033141 0.022855 0.014722 0.009309
0.006744 0.115674 0.125128 0.125045 0.123474 0.119356 0.087088
0.004933 0.009839 0.014585 0.018972 0.021379 0.021984 0.023298
0.021119 0.031540 0.034366 0.033022 0.025585 0.018677 0.018713
0.024317 0.020559 0.019687 0.018214 0.015781 0.013723 0.013110
0.003513 0.007007 0.009422 0.008702 0.013067 0.025438 0.029275
0.011664 0.013395 0.017311 0.026261 0.033551 0.035819 0.024286
0.033222 0.027037 0.024120 0.021432 0.019558 0.019034 0.013759
0.015867 0.015696 0.017382 0.018025 0.019512 0.021440 0.022908
0.021673 0.018318 0.020041 0.023226 0.027612 0.034771 0.024494
0.006469 0.008706 0.012210 0.016720 0.028802 0.033344 0.027928
0.007957 0.013556 0.016323 0.019108 0.020122 0.019724 0.018447
0.007955 0.014192 0.018600 0.021283 0.022705 0.022302 0.015243
0.033988 0.029185 0.029248 0.028530 0.021997 0.018796 0.013007
0.007937 0.014057 0.017072 0.018252 0.018202 0.016329 0.014100
0.006128 0.008848 0.016335 0.020374 0.018572 0.016209 0.013690
0.005600 0.009468 0.010867 0.011510 0.014876 0.018260 0.013235
0.007072 0.012505 0.015765 0.016528 0.017076 0.017926 0.018075
0.008771 0.014487 0.015665 0.015556 0.015100 0.014935 0.014943
0.012671 0.021781 0.024404 0.024271 0.026221 0.027954 0.029233
0.029540 0.023774 0.024936 0.028571 0.028553 0.027883 0.031589
0.038788 0.032896 0.029681 0.025417 0.024222 0.024747 0.024098
0.004636 0.008278 0.011816 0.014976 0.017181 0.019302 0.021938
0.244363 0.256106 0.265557 0.262888 0.135133 0.115953 0.104018
0.005592 0.008432 0.012274 0.019553 0.024190 0.024760 0.017178
0.042829 0.038802 0.037527 0.034485 0.024221 0.024742 0.024094
0.004636 0.008278 0.011816 0.014976 0.017181 0.019302 0.021938
0.036443 0.031759 0.026943 0.030504 0.031303 0.028895 0.018641
0.027761 0.024191 0.024258 0.025462 0.024747 0.024599 0.017401
0.135136 0.136872 0.139092 0.136126 0.074535 0.067871 0.066724
0.033669 0.027981 0.024921 0.023077 0.015266 0.012103 0.012466
0.027884 0.021800 0.020486 0.020551 0.019449 0.021781 0.019523
0.013955 0.020230 0.020882 0.021476 0.021385 0.027211 0.019768
0.013786 0.020341 0.021349 0.021024 0.019321 0.017797 0.017057
0.006133 0.011077 0.015738 0.019941 0.021078 0.021681 0.021524
0.034396 0.028590 0.027599 0.026986 0.027173 0.030977 0.025205
0.011823 0.032585 0.039848 0.038884 0.031608 0.021915 0.021681
0.007157 0.014744 0.020322 0.028614 0.026254 0.021768 0.022822
0.015724 0.023354 0.022746 0.020468 0.018282 0.016519 0.014316
0.012510 0.018210 0.019822 0.017834 0.015113 0.021728 0.025028
0.025308 0.021269 0.020281 0.019041 0.025194 0.028022 0.018843
0.007598 0.011957 0.013310 0.014328 0.018411 0.029815 0.034705
0.018080 0.017529 0.017527 0.017606 0.024394 0.035338 0.036142
0.004591 0.007939 0.012891 0.015740 0.019580 0.021667 0.015049
0.008463 0.014002 0.017080 0.019104 0.018766 0.016999 0.015037
0.047571 0.044363 0.045552 0.044754 0.038443 0.029738 0.019699
0.006715 0.011446 0.013546 0.015160 0.023348 0.031393 0.022238
0.015426 0.016444 0.016703 0.019758 0.022654 0.022758 0.027648
0.008894 0.012852 0.015563 0.020252 0.032115 0.030029 0.030336
0.032449 0.042847 0.047309 0.048123 0.040131 0.029607 0.028100
0.006445 0.009839 0.012098 0.012082 0.018756 0.026250 0.028853
0.146033 0.155962 0.176952 0.119226 0.025274 0.019687 0.020578
0.039305 0.032012 0.030475 0.030943 0.031428 0.031458 0.020328
0.010697 0.018013 0.021430 0.023454 0.022279 0.025404 0.022534
0.034892 0.027963 0.025953 0.026338 0.025992 0.024963 0.017057
0.016131 0.013458 0.014912 0.014910 0.013534 0.013319 0.011995
0.009175 0.015715 0.020041 0.022453 0.023613 0.023064 0.015698
0.015507 0.023438 0.024116 0.021521 0.019241 0.019571 0.014672
0.004615 0.008277 0.011811 0.012910 0.018408 0.018759 0.013976
0.011151 0.012640 0.013753 0.018040 0.023452 0.020713 0.019163
0.035325 0.025240 0.020587 0.016250 0.010058 0.007805 0.008377
0.020494 0.021376 0.025708 0.034194 0.040022 0.042070 0.033002
0.006386 0.012515 0.015941 0.018202 0.018195 0.017342 0.016137
0.048366 0.056244 0.055044 0.041820 0.032334 0.017028 0.013342
0.017385 0.027178 0.028308 0.029400 0.027838 0.027467 0.027819
0.051531 0.057628 0.057991 0.055234 0.055079 0.058155 0.055446
0.030900 0.039036 0.039870 0.036312 0.020811 0.016001 0.015534
0.040197 0.026455 0.022697 0.019843 0.016844 0.015222 0.014480
0.016170 0.025500 0.027533 0.030206 0.032596 0.034488 0.035449
0.007074 0.010379 0.012087 0.013627 0.019812 0.026917 0.025965
0.018328 0.017355 0.018519 0.019364 0.017602 0.017620 0.015768
0.016747 0.025592 0.028896 0.022565 0.018676 0.015301 0.013122
0.011136 0.020151 0.025702 0.027074 0.030292 0.031456 0.020102
0.011804 0.013670 0.016828 0.019017 0.017675 0.017962 0.019397
0.005304 0.011059 0.013542 0.014984 0.017218 0.019154 0.020771
0.027884 0.021800 0.020486 0.020551 0.019449 0.021781 0.016913
0.004712 0.008529 0.011694 0.013604 0.019033 0.022768 0.059046
0.036648 0.031442 0.033306 0.033126 0.026567 0.020902 0.015423
0.009986 0.016248 0.017148 0.017024 0.014657 0.019426 0.013032
0.008017 0.012382 0.013338 0.017358 0.024065 0.027121 0.026110
0.010051 0.015085 0.014866 0.012266 0.017635 0.028171 0.030408
0.025693 0.034478 0.037510 0.049387 0.028171 0.021943 0.024344
0.012627 0.020437 0.025263 0.025701 0.024631 0.025760 0.024241
0.002722 0.008092 0.014426 0.019442 0.020977 0.020858 0.019274
0.017230 0.017162 0.019879 0.021776 0.021324 0.020261 0.015291
0.022307 0.024290 0.018275 0.013214 0.012667 0.021943 0.024344
0.012625 0.020438 0.025018 0.025429 0.024627 0.025758 0.024242
