0.468924
0.511048
0.435190
0.472048
0.481258
0.457657
0.404715
0.515965
0.465824
0.439774
0.549171
0.495544
0.540744
0.495228
0.497202
0.565711
0.540744
0.495228
0.436914
0.577247
0.504260
0.494898
0.447373
0.520313
0.549508
0.517510
0.438449
0.392460
0.465824
0.439774
0.449509
0.532473
0.443570
0.475119
0.497392
0.409042
0.475331
0.478649
0.390471
0.418254
0.481258
0.457657
0.559130
0.403214
0.437591
0.463432
0.423775
0.439302
0.481258
0.457657
0.553996
0.502237
0.438449
0.392460
0.409395
0.405115
0.437591
0.463432
0.449509
0.532473
0.452790
0.465851
0.483497
0.645169
0.484144
0.490782
0.597637
0.530733
0.516017
0.525039
0.483390
0.580987
0.492972
0.484736
0.504846
0.449301
0.503942
0.436876
0.423324
0.408983
0.440955
0.433683
0.537484
0.536321
0.500402
0.483534
0.465737
0.494175
0.440644
0.426962
0.516017
0.525039
0.514325
0.614462
0.461519
0.636644
0.579229
0.524055
0.573228
0.461231
0.456338
0.522872
0.487070
0.561510
0.470386
0.501707
0.540522
0.462531
0.537484
0.536321
0.490902
0.515820
0.514325
0.614462
0.409853
0.446305
0.573228
0.461231
0.573228
0.461231
0.576387
0.488219
0.495124
0.445047
0.675314
0.671261
0.488159
0.464911
0.544024
0.511799
0.552744
0.503233
0.524665
0.513438
0.487628
0.559823
0.545898
0.656523
0.474133
0.494666
0.588353
0.622925
0.450485
0.434999
0.488011
0.525572
0.536864
0.448755
0.538374
0.626366
0.582075
0.532746
0.588353
0.622925
0.550860
0.523390
0.494300
0.632846
0.576387
0.488219
0.475304
0.466152
0.596287
0.602888
0.618666
0.644898
0.510466
0.548820
0.604594
0.556031
0.604594
0.556031
0.594221
0.494996
0.563708
0.599235
0.463880
0.473976
0.501917
0.639144
0.494028
0.482100
0.523958
0.622851
0.676845
0.611833
0.844424
0.717812
0.554930
0.719788
0.644508
0.462741
0.735223
0.626431
0.626340
0.674831
0.686809
0.743156
0.611277
0.597310
0.513826
0.481186
0.676845
0.611833
0.583668
0.607018
0.537916
0.580980
0.577403
0.779057
0.631446
0.536302
0.648158
0.805053
0.740815
0.807225
0.579985
0.621050
0.594705
0.601964
0.538768
0.660210
0.743143
0.535904
0.830357
0.660111
0.596309
0.542137
0.523958
0.622851
0.651468
0.471059
0.730784
0.516502
0.645192
0.555475
0.583414
0.582879
0.685199
0.587256
0.802862
0.921508
0.768443
0.754620
0.744511
0.688791
0.830151
0.795726
0.809054
0.765284
0.809054
0.765285
0.708471
0.582768
0.688952
0.564230
0.527793
0.677204
0.704367
0.691657
0.797035
0.750156
0.694973
1.053238
0.557296
0.561493
0.818365
0.592823
0.800240
0.711561
0.651116
0.722727
0.591203
0.703987
0.717276
0.590037
0.606487
0.587391
0.704367
0.691657
0.657072
0.633297
0.991009
0.838132
0.532959
0.687543
0.559700
0.683634
0.823882
0.671231
0.753829
0.544036
0.590804
0.641588
0.802072
0.628300
0.614801
0.748223
0.818365
0.592823
0.885036
0.695572
0.623403
0.815367
1.021707
0.896212
0.784541
0.835562
0.884213
0.934009
0.736868
0.995442
0.814132
1.061715
0.864943
0.628800
0.727669
0.826319
0.727669
0.826319
0.626835
1.017102
0.685483
1.080422
0.587906
0.873003
0.602182
0.827182
0.738536
0.661729
0.640721
1.029134
0.830635
0.915444
0.742668
0.665207
0.959840
0.670246
0.762507
0.948929
0.708294
0.751458
0.882855
0.938273
0.641532
0.652485
0.876138
0.692841
1.027922
0.765191
0.635658
0.897709
0.720525
0.628273
0.778496
0.892149
0.644423
1.023902
0.887305
0.884416
0.981020
0.958810
0.996653
0.886009
1.024226
0.857170
0.998357
0.977802
0.758995
0.884238
0.961408
1.045986
0.848319
0.946875
0.762294
1.101368
0.846146
0.717657
0.811132
0.793287
0.924077
0.991900
1.009658
0.672326
0.692267
1.039883
0.837490
1.012699
0.978827
0.720082
0.802926
0.940925
0.689006
1.046852
0.973113
0.814725
0.869292
0.854888
0.740602
0.970356
1.009460
0.635534
1.049965
1.011374
0.938713
0.896767
1.011536
0.885943
1.024226
0.857170
1.006037
0.734316
0.872787
0.947947
0.926462
0.947872
0.933226
0.813334
0.926462
0.947872
1.019986
0.980178
1.077222
0.958599
1.066373
1.031924
1.072245
1.046203
0.957868
1.060634
1.062140
1.009721
1.098592
1.090727
0.963161
1.005308
1.034564
0.924357
1.059302
1.005608
1.022996
1.038112
1.009509
0.803685
0.879686
1.114769
0.992372
1.046284
1.050269
0.836391
0.983417
1.050587
0.867159
1.134738
1.023997
0.993988
1.000303
0.994681
0.878835
0.947809
1.075290
0.781699
1.104003
1.062685
0.995264
1.001938
1.103368
1.072564
1.066373
1.031924
0.995004
1.014527
0.984273
1.068175
1.038383
1.034379
1.088971
0.984705
1.038383
1.034379
1.064037
1.034232
1.031950
1.057698
1.116891
1.049626
1.030440
1.049829
1.036887
1.046166
1.046931
1.090279
1.096971
1.155693
0.990532
1.111827
1.075221
1.044470
1.081680
1.108206
1.060491
1.073125
1.050582
0.918511
1.038121
1.089327
1.053615
1.089796
1.030261
0.977267
1.093174
1.003369
1.094270
1.158968
1.026759
1.016458
1.097530
1.069243
0.966499
1.022198
1.072442
0.962818
1.114961
1.096462
1.046102
1.015394
1.086283
1.106180
1.116891
1.049626
1.014633
1.042477
1.047843
1.081667
1.101274
1.092690
1.083153
1.071172
1.101274
1.092690
1.075212
1.072575
1.077284
1.062932
1.118939
1.080842
1.071790
1.056542
1.062480
1.070720
1.088995
1.074655
1.153884
1.118709
1.090240
1.134307
1.071038
1.070401
1.087315
1.129497
1.138686
1.022027
1.087485
1.013480
1.069222
1.106801
1.086471
1.053758
1.062082
1.029475
1.072275
1.108920
1.121760
1.179108
1.042385
1.072454
1.083347
0.940182
1.093428
1.018875
0.994987
1.051991
1.115152
1.109645
1.071145
1.054877
1.124231
1.007444
1.118939
1.080842
1.084857
1.045721
1.067768
1.071544
1.147401
1.127874
1.115733
1.023477
1.147402
1.127874
1.000814
1.089442
1.089783
0.990784
1.087532
1.065217
1.063489
1.094581
3.598156
1.102469
1.154737
1.057848
1.165537
1.121312
1.170695
1.072751
1.041835
1.068175
1.121629
1.057794
1.171022
1.086461
1.062095
1.111676
1.076140
1.030382
1.129293
1.045166
1.019950
1.056300
1.075732
1.030904
1.071059
0.954117
1.087673
1.082928
1.120862
1.068489
1.123577
1.114173
1.088439
1.085454
1.155318
1.042836
1.091691
1.002573
1.019892
1.076805
1.087532
1.065217
1.079411
1.078915
1.079351
1.122468
1.150923
1.201340
1.537232
1.023695
1.150923
1.201340
1.041333
1.010541
1.472546
1.064353
1.145698
1.074681
1.042003
1.077199
1.206786
1.090171
1.137345
1.023275
1.174097
1.151980
1.074681
1.078395
1.062473
1.025561
1.158344
1.049876
1.110496
1.128313
1.114799
1.151990
1.166129
1.105547
1.162954
1.050801
1.007374
1.058421
1.094518
1.064671
1.054139
0.933802
1.025373
1.049239
1.050974
1.158007
1.168728
1.094988
1.073578
1.106760
1.119367
1.102049
1.018195
1.064964
1.119479
1.115039
1.027674
1.419470
1.050081
1.036675
1.098768
1.087174
1.236026
1.224085
1.071983
1.080707
1.236026
1.224085
