0.001495
0.002311
0.000761
0.001359
0.001398
0.000900
0.000478
0.001892
0.001140
0.000704
0.002110
0.001095
0.002031
0.001235
0.001542
0.002012
0.002031
0.001235
0.000874
0.002155
0.001719
0.001326
0.001059
0.001602
0.001862
0.001564
0.001035
0.000498
0.001140
0.000704
0.001098
0.002081
0.000944
0.001432
0.001689
0.000605
0.000989
0.001461
0.000519
0.000767
0.001398
0.000900
0.002104
0.000676
0.000907
0.001265
0.000812
0.000804
0.001398
0.000900
0.002443
0.001500
0.001035
0.000498
0.000466
0.000662
0.000907
0.001265
0.001098
0.002081
0.000969
0.001316
0.001410
0.003957
0.001633
0.001466
0.002705
0.001534
0.001177
0.001966
0.001245
0.002103
0.001533
0.001513
0.001813
0.001220
0.001512
0.000848
0.000631
0.000524
0.000916
0.000970
0.002013
0.001540
0.001384
0.000965
0.001142
0.001703
0.001021
0.000737
0.001177
0.001966
0.001754
0.003150
0.001180
0.002845
0.002789
0.001719
0.002585
0.001208
0.001065
0.001967
0.001495
0.002341
0.001282
0.001677
0.002116
0.001048
0.002013
0.001540
0.001671
0.002156
0.001754
0.003150
0.000722
0.001080
0.002585
0.001208
0.002585
0.001208
0.002529
0.001492
0.001647
0.001001
0.003087
0.001927
0.001602
0.001189
0.001481
0.001740
0.001965
0.001477
0.001864
0.001718
0.001181
0.001750
0.001696
0.002823
0.001147
0.001762
0.002350
0.001900
0.000839
0.000665
0.001491
0.001775
0.002261
0.001123
0.002168
0.003168
0.002832
0.002023
0.002350
0.001900
0.002095
0.001758
0.001567
0.003089
0.002529
0.001492
0.001216
0.001288
0.002696
0.002016
0.003118
0.003709
0.001741
0.002093
0.003051
0.002172
0.003051
0.002172
0.002706
0.001221
0.002482
0.002412
0.000999
0.001338
0.001513
0.003385
0.001178
0.000929
0.001505
0.002997
0.004039
0.003021
0.003750
0.002307
0.002332
0.004156
0.003149
0.001437
0.003501
0.002813
0.002065
0.003792
0.004092
0.004124
0.003066
0.002969
0.001827
0.001487
0.004039
0.003021
0.003033
0.003391
0.002251
0.002543
0.002288
0.004120
0.003157
0.001869
0.002861
0.005345
0.005509
0.006160
0.002493
0.003130
0.001865
0.002607
0.001241
0.003564
0.004705
0.002052
0.005354
0.002551
0.003167
0.002177
0.001505
0.002997
0.003803
0.001192
0.003914
0.001602
0.003658
0.002166
0.002921
0.002387
0.003291
0.002631
0.004772
0.004955
0.004645
0.004218
0.004864
0.003484
0.006282
0.004152
0.005300
0.005674
0.005300
0.005674
0.004478
0.003027
0.004004
0.002426
0.001950
0.003381
0.004315
0.004387
0.005207
0.003562
0.002776
0.007756
0.001668
0.001617
0.005770
0.002294
0.005472
0.004358
0.003449
0.004582
0.002846
0.003883
0.004268
0.002719
0.002498
0.002794
0.004315
0.004387
0.004434
0.002963
0.005114
0.002956
0.001943
0.003921
0.001881
0.003589
0.006514
0.003445
0.004542
0.002163
0.002814
0.003673
0.005378
0.003108
0.003004
0.004506
0.005770
0.002294
0.006206
0.003889
0.002962
0.004706
0.009054
0.005083
0.005716
0.005710
0.006597
0.008565
0.004590
0.009192
0.005229
0.008765
0.006221
0.003132
0.004300
0.006292
0.004300
0.006292
0.002566
0.007724
0.004246
0.009055
0.002564
0.005951
0.002237
0.005011
0.004697
0.003325
0.002757
0.008643
0.006072
0.007605
0.006215
0.003591
0.007121
0.003638
0.005557
0.008325
0.004123
0.004895
0.005967
0.008021
0.002743
0.002658
0.006532
0.003947
0.009959
0.004408
0.002673
0.006796
0.004281
0.003126
0.003849
0.007202
0.002340
0.007880
0.006777
0.006551
0.009378
0.007557
0.010174
0.006061
0.011740
0.005413
0.009438
0.007511
0.004053
0.006905
0.007612
0.009272
0.004931
0.007402
0.005238
0.010552
0.006675
0.004623
0.005062
0.005002
0.007121
0.009299
0.010124
0.003477
0.003730
0.009356
0.005999
0.010104
0.007942
0.003721
0.005465
0.006888
0.003312
0.010074
0.008477
0.005904
0.005743
0.005945
0.005097
0.009021
0.009697
0.002997
0.008780
0.009986
0.008130
0.007336
0.008904
0.006068
0.011740
0.005413
0.008060
0.004734
0.007837
0.007502
0.006213
0.008453
0.008827
0.004816
0.006213
0.008453
0.011756
0.012909
0.011074
0.011053
0.015664
0.009210
0.015119
0.010415
0.007330
0.014255
0.011099
0.012201
0.009282
0.013437
0.006735
0.011814
0.012160
0.007419
0.009632
0.008286
0.010915
0.011517
0.016375
0.004439
0.006316
0.012224
0.009940
0.010946
0.012020
0.005664
0.010044
0.011439
0.005778
0.016032
0.010686
0.012930
0.012467
0.008603
0.007318
0.012597
0.020585
0.004455
0.011162
0.011401
0.012018
0.013221
0.014225
0.010953
0.015664
0.009210
0.012527
0.006900
0.011586
0.011838
0.011008
0.011732
0.010680
0.007693
0.011008
0.011732
0.011804
0.014410
0.014018
0.014391
0.014306
0.012792
0.012579
0.013805
0.009274
0.016174
0.011585
0.012225
0.012178
0.019320
0.008349
0.019816
0.016399
0.013674
0.013860
0.007911
0.012735
0.015442
0.024828
0.005534
0.008271
0.011077
0.012226
0.013494
0.018153
0.010517
0.021574
0.017992
0.009501
0.017814
0.014292
0.013746
0.016168
0.011893
0.011033
0.019380
0.032652
0.005974
0.013986
0.012504
0.012685
0.012460
0.012597
0.014587
0.017963
0.012792
0.014072
0.008522
0.012025
0.015344
0.017295
0.012254
0.014211
0.013396
0.017295
0.012254
0.012811
0.013248
0.014962
0.013437
0.018966
0.016684
0.020753
0.012355
0.013844
0.017311
0.014844
0.015483
0.015566
0.023790
0.009726
0.011174
0.012208
0.015280
0.011985
0.010643
0.014919
0.020599
0.024207
0.007410
0.010888
0.015920
0.015070
0.013071
0.018996
0.013859
0.011752
0.063811
0.010897
0.018694
0.014442
0.012247
0.022133
0.010287
0.011890
0.019850
0.012468
0.007068
0.016568
0.009336
0.018686
0.014550
0.015938
0.017814
0.019465
0.016684
0.019905
0.010553
0.013562
0.018847
0.014429
0.017088
0.017203
0.014488
0.017928
0.017088
0.020739
0.018053
0.011606
0.014577
0.013435
0.009255
0.018615
0.020900
0.016796
0.015157
0.018460
0.022754
0.011257
0.017812
0.007001
0.011588
0.020820
0.018659
0.014288
0.021200
0.013619
0.018277
0.020401
0.012695
0.017392
0.026165
0.015648
0.018124
0.019974
0.015825
0.020319
0.044372
0.012995
0.026251
0.099269
0.014681
0.023602
0.016977
0.010660
0.020600
0.020756
0.014767
0.021979
0.016263
0.015977
0.017426
0.024325
0.014620
0.013435
0.009255
0.013212
0.012826
0.023741
0.023879
0.022846
0.012455
0.197924
0.014822
0.025218
0.012455
0.029156
0.023682
0.107347
0.020479
0.016345
0.017674
0.018646
0.015454
0.025463
0.024671
0.019178
0.018759
0.014722
0.017390
0.010130
0.016453
0.012712
0.015604
0.036208
0.016184
0.013802
0.016070
0.032285
0.012008
0.090603
0.030887
0.019588
0.023907
0.013023
0.018495
0.018590
0.010993
0.014626
0.017085
0.030934
0.014522
0.037302
0.024483
0.052716
0.025838
0.020715
0.027145
0.013145
0.017191
0.020077
0.022256
0.014876
0.013120
0.016345
0.009878
0.026068
0.014092
0.015106
0.010674
0.029727
0.021565
0.015042
0.018480
0.013110
0.021565
