0.049964
0.068950
0.047692
0.061497
0.063683
0.063764
0.038284
0.077953
0.052260
0.062611
0.080491
0.051720
0.065619
0.064429
0.068121
0.092069
0.065619
0.064429
0.045778
0.093761
0.060691
0.064649
0.049129
0.069915
0.078473
0.072833
0.043486
0.025519
0.052260
0.062611
0.045713
0.071192
0.041404
0.053814
0.069950
0.028481
0.058196
0.057560
0.025542
0.038030
0.063683
0.063764
0.080203
0.028078
0.045954
0.049639
0.038113
0.033004
0.063683
0.063764
0.076776
0.064200
0.043486
0.025519
0.034675
0.031979
0.045954
0.049639
0.045713
0.071192
0.050188
0.061933
0.077108
0.106807
0.060898
0.062275
0.079296
0.078620
0.073448
0.074400
0.065046
0.091534
0.061197
0.062433
0.062489
0.046465
0.069925
0.048835
0.039049
0.037834
0.051214
0.041528
0.074886
0.075727
0.063398
0.074157
0.051212
0.062467
0.049929
0.036367
0.073448
0.074400
0.053537
0.102839
0.050543
0.102405
0.093220
0.082115
0.082227
0.046776
0.059217
0.087227
0.058150
0.076543
0.061118
0.067534
0.077221
0.056724
0.074886
0.075727
0.060652
0.078598
0.053537
0.102839
0.033730
0.050615
0.082227
0.046776
0.082227
0.046776
0.095484
0.068559
0.066262
0.047654
0.105957
0.136901
0.061041
0.053793
0.092103
0.071323
0.087408
0.073449
0.069616
0.071349
0.076226
0.089764
0.085584
0.117467
0.065700
0.058720
0.121537
0.112269
0.048590
0.048685
0.064257
0.083842
0.077632
0.053037
0.078517
0.119940
0.086455
0.068943
0.121537
0.112269
0.071261
0.078160
0.078811
0.124918
0.095484
0.068559
0.065360
0.054253
0.088043
0.103927
0.103040
0.108666
0.069968
0.082174
0.110269
0.104577
0.110269
0.104577
0.102315
0.068197
0.083924
0.120043
0.065363
0.062864
0.061293
0.105748
0.061576
0.064465
0.073896
0.101339
0.111313
0.095579
0.179732
0.151181
0.094513
0.124769
0.115684
0.074848
0.169450
0.127097
0.114477
0.125717
0.114597
0.154799
0.106828
0.115325
0.065994
0.054867
0.111313
0.095579
0.095196
0.111339
0.086982
0.079078
0.107123
0.153568
0.118180
0.078878
0.127758
0.139025
0.152936
0.161601
0.110470
0.104833
0.117017
0.114706
0.085308
0.128961
0.133331
0.087323
0.149227
0.128443
0.096457
0.082112
0.073896
0.101339
0.123713
0.050908
0.133287
0.092451
0.101347
0.070972
0.096926
0.118803
0.110265
0.120831
0.220459
0.202372
0.166273
0.129222
0.133369
0.171337
0.153732
0.178536
0.140463
0.143114
0.140464
0.143114
0.140947
0.111004
0.117525
0.089785
0.077540
0.131318
0.142417
0.147755
0.175656
0.148870
0.148307
0.231129
0.088299
0.091204
0.163218
0.112103
0.140222
0.123738
0.114051
0.148327
0.105267
0.177443
0.148313
0.081567
0.113124
0.115304
0.142417
0.147755
0.133567
0.115392
0.204574
0.185687
0.082617
0.139932
0.094232
0.144979
0.192592
0.111037
0.139014
0.106464
0.091467
0.115338
0.144109
0.104893
0.113105
0.163439
0.163218
0.112103
0.168407
0.122401
0.142037
0.214487
0.251631
0.172339
0.126681
0.144919
0.157019
0.198630
0.161499
0.187943
0.161281
0.231650
0.171296
0.146397
0.163603
0.176931
0.163603
0.176931
0.137927
0.193661
0.117752
0.176106
0.100243
0.184118
0.118355
0.180785
0.178698
0.132293
0.129523
0.220380
0.143481
0.182223
0.169174
0.125804
0.195475
0.112288
0.147246
0.182893
0.144701
0.175763
0.180818
0.183123
0.110065
0.121678
0.159988
0.119382
0.249946
0.144644
0.128803
0.180057
0.131911
0.110937
0.163067
0.190842
0.126832
0.236236
0.177237
0.203116
0.191874
0.183376
0.223609
0.184545
0.215096
0.200496
0.192880
0.209696
0.178734
0.244127
0.202252
0.209664
0.209690
0.212474
0.143273
0.169765
0.166982
0.142607
0.184181
0.166194
0.178624
0.194521
0.232772
0.129920
0.152607
0.251188
0.165476
0.184464
0.175411
0.140205
0.148449
0.176571
0.177781
0.204921
0.195316
0.154002
0.215864
0.185533
0.169382
0.205137
0.216192
0.123931
0.193787
0.248079
0.156058
0.172501
0.191612
0.179094
0.215096
0.200496
0.222521
0.142385
0.161496
0.161614
0.198283
0.196985
0.222188
0.162376
0.198283
0.196985
0.216152
0.219342
0.220685
0.224249
0.260466
0.237633
0.259389
0.248290
0.266242
0.274250
0.269030
0.263648
0.287576
0.275977
0.218943
0.288246
0.217859
0.203410
0.228452
0.228131
0.232013
0.238438
0.222344
0.196114
0.228945
0.246708
0.219767
0.232310
0.226305
0.166573
0.214025
0.300539
0.256857
0.256712
0.220848
0.205961
0.246142
0.204296
0.232582
0.233819
0.234713
0.166436
0.201682
0.253033
0.197711
0.205080
0.224276
0.255946
0.260466
0.237633
0.256718
0.219639
0.201198
0.213509
0.248034
0.250664
0.265906
0.240653
0.248034
0.250664
0.232151
0.231364
0.255860
0.234296
0.266479
0.244663
0.280439
0.241087
0.280318
0.301066
0.263582
0.245898
0.262360
0.335134
0.217946
0.351076
0.240300
0.249142
0.253202
0.264993
0.299212
0.220224
0.235396
0.204753
0.243665
0.303204
0.241102
0.287346
0.298164
0.205510
0.255101
0.330798
0.305563
0.244438
0.240214
0.220265
0.272183
0.247195
0.231276
0.250142
0.279934
0.195587
0.232212
0.319758
0.180534
0.213075
0.221747
0.243976
0.266479
0.244663
0.252818
0.233978
0.192276
0.238487
0.300110
0.286656
0.253578
0.267322
0.300110
0.286656
0.246081
0.231345
0.264128
0.265316
0.254618
0.260762
0.289890
0.237105
0.282541
0.310066
0.286452
0.267629
0.322746
0.275401
0.248991
0.281520
0.273839
0.249648
0.267876
0.273503
0.342645
0.272126
0.295157
0.254276
0.252023
0.301893
0.259044
0.300459
0.267877
0.249960
0.258417
0.300381
0.370930
0.266597
0.246296
0.223582
0.272117
0.275504
0.277764
0.251910
0.310014
0.225747
0.307049
0.311554
0.219776
0.213678
0.285857
0.249555
0.254618
0.260762
0.230493
0.236985
0.198487
0.236050
0.311673
0.300604
0.274865
0.252283
0.311673
0.300604
0.254988
0.264490
0.283419
0.291419
0.307681
0.288548
0.325762
0.350606
0.285765
0.300451
0.320994
0.334905
0.355302
0.363349
0.363910
0.383269
0.243008
0.279798
0.290854
0.332973
0.309801
0.270058
0.347633
0.325124
0.341971
0.304412
0.305284
0.282252
0.257983
0.330718
0.350861
0.308106
0.343525
0.344288
0.260710
0.251002
0.282737
0.297137
0.348081
0.301303
0.280138
0.285064
0.346445
0.351373
0.308692
0.250890
0.249612
0.241876
0.307681
0.288548
0.242670
0.331056
0.353693
0.348086
0.351168
0.395757
0.316035
0.305054
0.351168
0.395757
0.276908
0.289821
0.264836
0.287561
0.305515
0.296568
0.326360
0.235326
0.325689
0.383345
0.359430
0.360743
0.421047
0.401111
0.339324
0.412360
0.229550
0.312117
0.316740
0.369450
0.338538
0.291688
0.476695
0.358528
0.315914
0.391167
0.341814
0.310112
0.297959
0.294741
0.351722
0.262597
0.419765
0.328837
0.283000
0.242473
0.350364
0.346134
0.351344
0.326791
0.323042
0.371273
0.374883
0.424358
0.315171
0.317369
0.293865
0.271185
0.305517
0.296568
0.318210
0.335860
0.341021
0.378705
0.444860
0.397451
0.232017
0.383496
0.444860
0.397451
