0.000541 0.000821 0.000872 0.000864 0.000968 0.000892 0.000604
0.000963 0.001517 0.001563 0.001567 0.001668 0.001655 0.000957
0.000377 0.000283 0.000294 0.000324 0.000407 0.000432 0.000454
0.000546 0.000730 0.000773 0.000766 0.000923 0.000906 0.000627
0.000646 0.000937 0.000911 0.000805 0.001077 0.001128 0.000874
0.000398 0.000382 0.000311 0.000412 0.000621 0.000638 0.000511
0.000327 0.000282 0.000274 0.000266 0.000342 0.000413 0.000414
0.000816 0.001159 0.001101 0.001180 0.001518 0.001691 0.001175
0.000415 0.000462 0.000529 0.000576 0.000700 0.000662 0.000582
0.000422 0.000452 0.000290 0.000351 0.000414 0.000530 0.000503
0.000767 0.001240 0.001376 0.001335 0.001427 0.001490 0.001193
0.000457 0.000604 0.000562 0.000622 0.000808 0.000742 0.000782
0.000703 0.001050 0.001263 0.001305 0.001356 0.001238 0.001162
0.000533 0.000709 0.000625 0.000648 0.000780 0.000770 0.000749
0.000587 0.000833 0.000872 0.000872 0.001057 0.001046 0.000766
0.001063 0.001493 0.001376 0.001287 0.001453 0.001492 0.001303
0.000703 0.001050 0.001263 0.001305 0.001356 0.001238 0.001162
0.000533 0.000709 0.000625 0.000648 0.000780 0.000770 0.000749
0.000384 0.000344 0.000341 0.000380 0.000543 0.000653 0.000577
0.001149 0.001611 0.001481 0.001363 0.001612 0.001521 0.001421
0.000697 0.001048 0.001060 0.001013 0.001079 0.000977 0.000852
0.000573 0.000832 0.000773 0.000711 0.000831 0.000856 0.000764
0.000453 0.000566 0.000533 0.000511 0.000674 0.000654 0.000492
0.000585 0.000889 0.000910 0.000929 0.001209 0.001227 0.000962
0.000977 0.001419 0.001355 0.001190 0.001315 0.001273 0.001164
0.000755 0.001079 0.000996 0.000957 0.001240 0.001297 0.000965
0.000428 0.000504 0.000501 0.000482 0.000591 0.000552 0.000497
0.000317 0.000272 0.000258 0.000264 0.000293 0.000346 0.000380
0.000415 0.000462 0.000529 0.000576 0.000700 0.000662 0.000582
0.000422 0.000452 0.000290 0.000351 0.000414 0.000530 0.000503
0.000430 0.000553 0.000570 0.000528 0.000597 0.000546 0.000522
0.000868 0.001302 0.001309 0.001274 0.001329 0.001272 0.001060
0.000432 0.000472 0.000477 0.000425 0.000578 0.000565 0.000502
0.000569 0.000837 0.000845 0.000797 0.000887 0.000799 0.000642
0.000612 0.000882 0.000924 0.000982 0.001239 0.001240 0.000830
0.000335 0.000274 0.000271 0.000293 0.000334 0.000397 0.000423
0.000405 0.000442 0.000454 0.000456 0.000615 0.000600 0.000622
0.000575 0.000838 0.000818 0.000805 0.001009 0.000968 0.000667
0.000342 0.000281 0.000270 0.000277 0.000323 0.000313 0.000356
0.000370 0.000327 0.000314 0.000332 0.000370 0.000398 0.000439
0.000646 0.000937 0.000911 0.000805 0.001077 0.001128 0.000874
0.000398 0.000382 0.000311 0.000412 0.000621 0.000638 0.000511
0.001047 0.001543 0.001488 0.001351 0.001495 0.001434 0.001271
0.000343 0.000281 0.000274 0.000293 0.000341 0.000337 0.000391
0.000422 0.000440 0.000413 0.000414 0.000511 0.000520 0.000465
0.000471 0.000662 0.000691 0.000658 0.000733 0.000698 0.000574
0.000395 0.000356 0.000348 0.000347 0.000394 0.000441 0.000471
0.000358 0.000317 0.000316 0.000353 0.000475 0.000480 0.000484
0.000646 0.000937 0.000911 0.000805 0.001077 0.001128 0.000874
0.000398 0.000382 0.000311 0.000412 0.000621 0.000638 0.000511
0.001116 0.001717 0.001729 0.001702 0.001768 0.001717 0.001226
0.000573 0.000817 0.000821 0.000816 0.000911 0.000854 0.000824
0.000428 0.000504 0.000501 0.000482 0.000591 0.000552 0.000497
0.000317 0.000272 0.000258 0.000264 0.000293 0.000346 0.000380
0.000324 0.000256 0.000245 0.000252 0.000312 0.000398 0.000415
0.000349 0.000294 0.000294 0.000308 0.000346 0.000356 0.000406
0.000422 0.000440 0.000413 0.000414 0.000511 0.000520 0.000465
0.000471 0.000662 0.000691 0.000658 0.000733 0.000698 0.000574
0.000430 0.000553 0.000570 0.000528 0.000597 0.000546 0.000522
0.000868 0.001302 0.001309 0.001274 0.001329 0.001272 0.001060
0.000442 0.000504 0.000468 0.000437 0.000560 0.000556 0.000508
0.000503 0.000672 0.000685 0.000681 0.000950 0.001077 0.000838
0.000530 0.000768 0.000760 0.000779 0.001041 0.001025 0.000723
0.001583 0.002745 0.003090 0.003292 0.003523 0.003635 0.002211
0.000597 0.000916 0.000962 0.000959 0.001072 0.001004 0.000705
0.000555 0.000791 0.000819 0.000826 0.000969 0.000918 0.000740
0.000916 0.001468 0.001875 0.001968 0.002037 0.001848 0.001674
0.000831 0.001168 0.001058 0.000956 0.001130 0.001036 0.001013
0.000476 0.000670 0.000638 0.000689 0.000914 0.000894 0.000906
0.000840 0.001253 0.001235 0.001225 0.001433 0.001488 0.001048
0.000650 0.000930 0.000866 0.000687 0.000775 0.000799 0.000685
0.000826 0.001325 0.001381 0.001317 0.001700 0.001864 0.001472
0.000673 0.000994 0.000978 0.000898 0.000960 0.000874 0.000762
0.000596 0.000868 0.000823 0.000860 0.001017 0.000978 0.000706
0.000778 0.001173 0.001192 0.001148 0.001164 0.001044 0.000850
0.000442 0.000599 0.000631 0.000623 0.000724 0.000656 0.000518
0.000715 0.000984 0.000900 0.000841 0.000998 0.000998 0.000832
0.000385 0.000337 0.000355 0.000361 0.000418 0.000428 0.000456
0.000341 0.000310 0.000308 0.000318 0.000340 0.000401 0.000432
0.000364 0.000276 0.000253 0.000263 0.000336 0.000357 0.000391
0.000396 0.000395 0.000364 0.000387 0.000599 0.000657 0.000511
0.000415 0.000406 0.000400 0.000454 0.000596 0.000582 0.000455
0.000932 0.001362 0.001310 0.001291 0.001356 0.001311 0.001096
0.000804 0.001108 0.001045 0.000922 0.001112 0.001128 0.001056
0.000667 0.000944 0.000902 0.000780 0.000860 0.000792 0.000806
0.000552 0.000693 0.000511 0.000543 0.000817 0.000932 0.000768
0.000477 0.000667 0.000652 0.000562 0.000650 0.000650 0.000585
0.000740 0.001097 0.001079 0.001008 0.001085 0.001002 0.000776
0.000397 0.000419 0.000457 0.000447 0.000567 0.000543 0.000483
0.000385 0.000314 0.000308 0.000307 0.000367 0.000408 0.000442
0.000476 0.000670 0.000638 0.000689 0.000914 0.000894 0.000906
0.000840 0.001253 0.001235 0.001225 0.001433 0.001488 0.001048
0.000598 0.000956 0.001049 0.001085 0.001205 0.001156 0.000916
0.001423 0.002229 0.002358 0.002300 0.002410 0.002426 0.001770
0.000443 0.000593 0.000599 0.000605 0.000720 0.000794 0.000698
0.001447 0.002121 0.002025 0.002045 0.002245 0.002221 0.001994
0.001314 0.002013 0.002020 0.002027 0.002140 0.002145 0.001440
0.000735 0.001048 0.001039 0.001007 0.001161 0.001164 0.000959
0.001238 0.001901 0.001901 0.001846 0.001882 0.001809 0.001394
0.000445 0.000594 0.000614 0.000605 0.000723 0.000689 0.000552
0.000456 0.000491 0.000499 0.000505 0.000699 0.000747 0.000566
0.000947 0.001318 0.001188 0.001197 0.001614 0.001818 0.001265
0.000517 0.000785 0.000810 0.000782 0.000932 0.000881 0.000728
0.001054 0.001612 0.001641 0.001617 0.001681 0.001626 0.001292
0.000512 0.000706 0.000694 0.000709 0.000812 0.000814 0.000601
0.000661 0.001000 0.001015 0.000990 0.001264 0.001313 0.000895
0.001019 0.001506 0.001472 0.001392 0.001409 0.001391 0.001110
0.000507 0.000688 0.000620 0.000495 0.000577 0.000578 0.000558
0.000932 0.001362 0.001310 0.001291 0.001356 0.001311 0.001096
0.000804 0.001108 0.001045 0.000922 0.001112 0.001128 0.001056
0.000666 0.000995 0.001017 0.000994 0.001084 0.001000 0.000751
0.000911 0.001365 0.001383 0.001415 0.001591 0.001667 0.001034
0.000598 0.000956 0.001049 0.001085 0.001205 0.001156 0.000916
0.001423 0.002229 0.002358 0.002300 0.002410 0.002426 0.001770
0.000381 0.000324 0.000314 0.000331 0.000379 0.000367 0.000397
0.000418 0.000518 0.000532 0.000517 0.000620 0.000571 0.000511
0.001238 0.001901 0.001901 0.001846 0.001882 0.001809 0.001394
0.000445 0.000594 0.000614 0.000605 0.000723 0.000689 0.000552
0.001238 0.001901 0.001901 0.001846 0.001882 0.001809 0.001394
0.000445 0.000594 0.000614 0.000605 0.000723 0.000689 0.000552
0.001301 0.001922 0.001859 0.001778 0.001936 0.002070 0.001395
0.000736 0.001038 0.000974 0.000875 0.000966 0.000938 0.000716
0.000569 0.000884 0.000955 0.000967 0.001136 0.001087 0.000781
0.000434 0.000517 0.000511 0.000459 0.000579 0.000584 0.000509
0.001566 0.002255 0.002082 0.002323 0.002743 0.002693 0.002372
0.001477 0.001997 0.001650 0.001255 0.002225 0.002753 0.002236
0.000641 0.000961 0.000978 0.000944 0.001013 0.000919 0.000727
0.000514 0.000729 0.000704 0.000610 0.000664 0.000617 0.000578
0.000816 0.001027 0.000874 0.000919 0.001333 0.001535 0.001176
0.000628 0.000975 0.001107 0.001027 0.001018 0.000985 0.000900
0.000990 0.001381 0.001280 0.001209 0.001507 0.001645 0.001198
0.000629 0.000862 0.000792 0.000788 0.000892 0.000785 0.000820
0.000693 0.001012 0.001096 0.001142 0.001313 0.001308 0.000976
0.000787 0.001096 0.001030 0.001018 0.001163 0.001104 0.000910
0.000528 0.000702 0.000634 0.000610 0.000720 0.000695 0.000694
0.000951 0.001281 0.001116 0.001124 0.001359 0.001319 0.001242
0.000922 0.001338 0.001259 0.001042 0.001247 0.001184 0.001131
0.001162 0.001831 0.001950 0.002045 0.002450 0.002737 0.002178
0.000548 0.000717 0.000620 0.000638 0.000875 0.000905 0.000699
0.000693 0.001051 0.001087 0.001091 0.001203 0.001151 0.000779
0.001172 0.001610 0.001531 0.001735 0.001861 0.001896 0.001596
0.001067 0.001468 0.001288 0.001249 0.002106 0.002641 0.002138
0.000374 0.000361 0.000367 0.000386 0.000479 0.000552 0.000508
0.000410 0.000348 0.000284 0.000312 0.000465 0.000510 0.000443
0.000640 0.000932 0.000932 0.000853 0.000939 0.000869 0.000716
0.000800 0.001183 0.001171 0.001072 0.001357 0.001547 0.001226
0.001092 0.001624 0.001599 0.001530 0.001553 0.001484 0.001079
0.000483 0.000659 0.000624 0.000536 0.000597 0.000534 0.000522
0.000919 0.001288 0.001368 0.001418 0.001594 0.001663 0.001073
0.001605 0.002470 0.002467 0.002431 0.002546 0.002623 0.001863
0.001350 0.002078 0.002071 0.002054 0.002155 0.002147 0.001471
0.000866 0.001266 0.001251 0.001242 0.001297 0.001188 0.001064
0.001172 0.001610 0.001531 0.001735 0.001861 0.001896 0.001596
0.001067 0.001468 0.001288 0.001249 0.002106 0.002641 0.002138
0.000890 0.001336 0.001341 0.001309 0.001384 0.001348 0.001199
0.000871 0.001216 0.001112 0.001027 0.001332 0.001402 0.000986
0.000637 0.000907 0.000938 0.000909 0.001083 0.001174 0.000916
0.001571 0.002302 0.002206 0.002278 0.002680 0.003078 0.002061
0.001301 0.001922 0.001859 0.001778 0.001936 0.002070 0.001395
0.000736 0.001038 0.000974 0.000875 0.000966 0.000938 0.000716
0.000429 0.000554 0.000628 0.000599 0.000895 0.000972 0.000753
0.000496 0.000682 0.000672 0.000682 0.000843 0.000815 0.000579
0.001261 0.001912 0.001888 0.001923 0.002101 0.002160 0.001593
0.001284 0.001798 0.001623 0.001353 0.001740 0.001920 0.001646
0.001540 0.002263 0.002305 0.002368 0.002505 0.002531 0.001787
0.001811 0.002823 0.002955 0.002979 0.003103 0.003205 0.002064
0.000827 0.001202 0.001161 0.001090 0.001167 0.001117 0.000884
0.000950 0.001403 0.001356 0.001389 0.001569 0.001585 0.001188
0.001668 0.002453 0.002347 0.002292 0.002360 0.002353 0.001661
0.001036 0.001396 0.001366 0.001379 0.001676 0.001873 0.001378
0.001668 0.002453 0.002347 0.002292 0.002360 0.002353 0.001661
0.001036 0.001396 0.001366 0.001379 0.001676 0.001873 0.001378
0.001227 0.001898 0.001961 0.001975 0.002059 0.002292 0.001590
0.000608 0.000825 0.000705 0.000675 0.000801 0.000819 0.000755
0.001107 0.001697 0.001740 0.001783 0.001863 0.001833 0.001296
0.001592 0.002208 0.001948 0.001658 0.001789 0.002079 0.001608
0.000531 0.000678 0.000538 0.000464 0.000743 0.000793 0.000614
0.000467 0.000677 0.000702 0.000652 0.000792 0.000756 0.000634
0.000534 0.000823 0.000890 0.000894 0.001052 0.001115 0.000847
0.001752 0.002646 0.002714 0.002638 0.002672 0.002807 0.002037
0.000435 0.000544 0.000635 0.000592 0.000774 0.000820 0.000763
0.000486 0.000617 0.000499 0.000524 0.000756 0.000811 0.000653
0.000505 0.000692 0.000763 0.000874 0.001043 0.001005 0.000998
0.001445 0.002043 0.002052 0.002136 0.002284 0.002063 0.001832
0.001871 0.003001 0.003226 0.003418 0.003600 0.003638 0.002403
0.001532 0.002329 0.002327 0.002275 0.002310 0.002244 0.001726
0.002614 0.003375 0.002988 0.003253 0.004697 0.005083 0.004353
0.001603 0.002033 0.001694 0.001720 0.002726 0.003686 0.003035
0.001062 0.001631 0.001640 0.001593 0.001663 0.001624 0.001226
0.002227 0.003420 0.003508 0.003542 0.003762 0.003855 0.002933
0.001653 0.002427 0.002354 0.002541 0.002818 0.002894 0.002043
0.000806 0.001077 0.000955 0.000825 0.000882 0.000844 0.000619
0.002478 0.003473 0.003225 0.003024 0.003393 0.004041 0.003077
0.001533 0.002319 0.002239 0.002027 0.002414 0.002713 0.001897
0.001034 0.001499 0.001310 0.001533 0.001989 0.002181 0.001891
0.001910 0.002937 0.002978 0.003041 0.003500 0.003806 0.002367
0.002056 0.003231 0.003412 0.003489 0.003559 0.003486 0.002525
0.002347 0.003157 0.003092 0.003481 0.004105 0.004709 0.003516
0.001374 0.002165 0.002231 0.002309 0.002501 0.002656 0.001722
0.001412 0.002076 0.002133 0.002189 0.002351 0.002488 0.001579
0.000750 0.001134 0.001154 0.001121 0.001228 0.001174 0.000911
0.000488 0.000668 0.000767 0.000776 0.000826 0.000703 0.000717
0.001871 0.003001 0.003226 0.003418 0.003600 0.003638 0.002403
0.001532 0.002329 0.002327 0.002275 0.002310 0.002244 0.001726
0.001365 0.002152 0.002194 0.002255 0.002397 0.002492 0.001473
0.001551 0.002471 0.002619 0.002677 0.002762 0.002799 0.001703
0.001022 0.001526 0.001501 0.001485 0.001631 0.001682 0.001074
0.000941 0.001392 0.001648 0.001695 0.001803 0.001599 0.001465
0.001235 0.001770 0.001681 0.001574 0.001805 0.001946 0.001427
0.001644 0.002475 0.002971 0.003583 0.004141 0.004127 0.003569
0.001812 0.002621 0.002485 0.002381 0.002591 0.002810 0.001899
0.000719 0.001106 0.001110 0.001141 0.001403 0.001450 0.001078
0.001849 0.002592 0.002290 0.002096 0.002445 0.002368 0.002085
0.002353 0.004049 0.004755 0.004939 0.005074 0.005236 0.004001
0.002377 0.004109 0.004698 0.005006 0.005322 0.005552 0.003471
0.002933 0.004977 0.005621 0.005858 0.006019 0.006037 0.004059
0.001066 0.001562 0.001612 0.001809 0.002057 0.002196 0.001526
0.001520 0.002248 0.002271 0.002310 0.002355 0.002180 0.001812
0.001252 0.001677 0.001525 0.001213 0.001595 0.001688 0.001556
0.001147 0.001771 0.001817 0.001852 0.001994 0.001991 0.001645
0.000631 0.000741 0.000794 0.000884 0.001148 0.001115 0.001075
0.001964 0.002959 0.002950 0.002844 0.002793 0.002959 0.002372
0.002010 0.003360 0.003795 0.004102 0.004441 0.004594 0.003176
0.001034 0.001500 0.001443 0.001337 0.001445 0.001469 0.001048
0.002242 0.003918 0.004852 0.004987 0.005319 0.005786 0.004245
0.001380 0.001798 0.001451 0.001877 0.002899 0.003734 0.002784
0.001489 0.002270 0.002330 0.002413 0.002602 0.002694 0.001582
0.000876 0.001414 0.001475 0.001523 0.001655 0.001648 0.001157
0.000505 0.000692 0.000763 0.000874 0.001043 0.001005 0.000998
0.001445 0.002043 0.002052 0.002136 0.002284 0.002063 0.001832
0.001752 0.002734 0.002996 0.003137 0.003285 0.003303 0.002125
0.000446 0.000597 0.000582 0.000579 0.000691 0.000670 0.000607
0.001920 0.002827 0.002978 0.003099 0.003638 0.004143 0.002932
0.000746 0.001030 0.000922 0.000899 0.001054 0.001276 0.001223
0.001718 0.002755 0.002892 0.002962 0.003058 0.003066 0.002071
0.000939 0.001401 0.001405 0.001378 0.001488 0.001462 0.001235
0.001420 0.002138 0.002151 0.002154 0.002290 0.002358 0.001478
0.001169 0.001637 0.001571 0.001664 0.002044 0.002451 0.001937
0.001621 0.002356 0.002307 0.002556 0.002899 0.002823 0.002480
0.001766 0.002508 0.002277 0.001982 0.002002 0.002245 0.001516
0.002230 0.003700 0.003928 0.004273 0.004791 0.005218 0.003941
0.003484 0.004896 0.004835 0.004601 0.005592 0.006726 0.005766
0.002560 0.003651 0.003755 0.003927 0.005084 0.006043 0.004318
0.002091 0.003149 0.003256 0.003593 0.004051 0.004474 0.003306
0.002437 0.003907 0.004203 0.004292 0.004378 0.004369 0.003208
0.001862 0.002510 0.002473 0.002849 0.003308 0.003885 0.003112
0.003319 0.005457 0.005951 0.006008 0.005969 0.005815 0.004404
0.002495 0.003333 0.002830 0.003187 0.005085 0.006478 0.004699
0.002827 0.004541 0.004877 0.004895 0.005121 0.004737 0.004033
0.002376 0.004101 0.004813 0.005237 0.005618 0.005875 0.003700
0.002827 0.004541 0.004877 0.004895 0.005121 0.004737 0.004033
0.002376 0.004101 0.004813 0.005237 0.005618 0.005875 0.003700
0.002364 0.003503 0.003633 0.003854 0.004246 0.004566 0.002875
0.001671 0.002411 0.002385 0.002342 0.002413 0.002525 0.001558
0.001916 0.002990 0.003166 0.003245 0.003287 0.003364 0.002541
0.001047 0.001622 0.001658 0.001686 0.001841 0.001897 0.001301
0.000897 0.001330 0.001309 0.001200 0.001236 0.001216 0.001014
0.002057 0.003030 0.003007 0.002788 0.002767 0.002726 0.002371
0.001935 0.002923 0.003314 0.003674 0.004068 0.004254 0.002686
0.002282 0.003372 0.003554 0.003683 0.003874 0.004119 0.002725
0.003411 0.005077 0.005136 0.004888 0.005027 0.005272 0.003780
0.001981 0.002902 0.002924 0.002874 0.004580 0.005716 0.004256
0.001751 0.002473 0.002208 0.002185 0.002879 0.003646 0.002671
0.003926 0.006061 0.006833 0.007673 0.010146 0.010597 0.009728
0.000728 0.001011 0.001028 0.001031 0.001305 0.001333 0.001264
0.000966 0.001279 0.001060 0.000999 0.001258 0.001320 0.001234
0.002834 0.004294 0.004793 0.005280 0.006039 0.006677 0.004707
0.001106 0.001604 0.001510 0.001489 0.001859 0.002108 0.001834
0.002799 0.004547 0.004938 0.005007 0.005198 0.005211 0.003949
0.002153 0.003372 0.003555 0.003631 0.003686 0.003530 0.002790
0.001628 0.002455 0.002661 0.002683 0.002873 0.003012 0.002142
0.002448 0.003633 0.003858 0.003982 0.004321 0.004553 0.002962
0.001328 0.001914 0.001863 0.002007 0.002451 0.002733 0.001732
0.002098 0.003121 0.003160 0.003150 0.003358 0.003497 0.002715
0.002550 0.003682 0.003576 0.003683 0.003891 0.003968 0.002873
0.001208 0.001892 0.001921 0.001943 0.002092 0.002117 0.001541
0.001237 0.001536 0.001747 0.001773 0.001909 0.002225 0.001736
0.001292 0.001940 0.001955 0.002065 0.002246 0.002291 0.001511
0.001935 0.002923 0.003314 0.003674 0.004068 0.004254 0.002686
0.002282 0.003372 0.003554 0.003683 0.003874 0.004119 0.002725
0.002447 0.003741 0.003854 0.003851 0.003952 0.003981 0.002361
0.001430 0.002197 0.002229 0.002223 0.002304 0.002222 0.001907
0.003524 0.004944 0.004775 0.004628 0.006646 0.007567 0.006916
0.002309 0.003065 0.002604 0.002380 0.003906 0.005465 0.004434
0.000804 0.001234 0.001267 0.001244 0.001360 0.001470 0.001052
0.002023 0.003101 0.003233 0.003235 0.003324 0.003498 0.002638
0.000931 0.001271 0.001186 0.001248 0.001606 0.001616 0.001297
0.002307 0.003154 0.002950 0.002877 0.003228 0.003408 0.002442
0.003161 0.004689 0.005179 0.006214 0.007250 0.007918 0.005406
0.001768 0.002616 0.002569 0.002765 0.002916 0.003237 0.002312
0.002289 0.003628 0.003782 0.004046 0.004443 0.004462 0.003242
0.001343 0.001795 0.001563 0.001415 0.001553 0.001627 0.001115
0.001308 0.002052 0.002092 0.002077 0.002141 0.002179 0.001536
0.001837 0.002852 0.002966 0.002989 0.003037 0.002992 0.002010
0.002918 0.004636 0.004927 0.004926 0.004993 0.004902 0.003933
0.001528 0.002323 0.002323 0.002279 0.002387 0.002312 0.001893
0.001760 0.002561 0.002475 0.002248 0.002443 0.002608 0.001773
0.002427 0.003554 0.003858 0.003881 0.004415 0.004907 0.003406
0.002834 0.004294 0.004793 0.005280 0.006039 0.006677 0.004707
0.001106 0.001604 0.001510 0.001489 0.001859 0.002108 0.001834
0.002772 0.004187 0.005398 0.006121 0.006707 0.006112 0.005199
0.002206 0.003328 0.003403 0.003285 0.003199 0.003023 0.002593
0.002102 0.002894 0.002726 0.002581 0.002468 0.002612 0.001856
0.003325 0.004261 0.004077 0.004195 0.004842 0.005912 0.004691
0.005194 0.008031 0.008834 0.009543 0.010085 0.009599 0.008856
0.003006 0.004323 0.004699 0.004755 0.005484 0.005992 0.005115
0.002587 0.004421 0.004994 0.005236 0.005516 0.005701 0.003720
0.002603 0.004375 0.005003 0.005318 0.005610 0.005708 0.004374
0.003156 0.005351 0.006089 0.006360 0.006558 0.006613 0.005183
0.003819 0.006567 0.007617 0.008423 0.009439 0.010213 0.007415
0.002628 0.003931 0.004059 0.004159 0.004328 0.004424 0.003048
0.004568 0.007944 0.009015 0.009284 0.009585 0.009930 0.008227
0.002541 0.004171 0.004644 0.004813 0.004846 0.004804 0.004189
0.002818 0.005019 0.006714 0.008683 0.010958 0.010955 0.010096
0.003282 0.005175 0.005731 0.006163 0.006374 0.006400 0.004857
0.002083 0.002703 0.002376 0.002290 0.002534 0.002821 0.001910
0.002564 0.003833 0.003714 0.003981 0.004069 0.004345 0.003002
0.003277 0.005408 0.005891 0.005940 0.006065 0.006045 0.004257
0.002564 0.003833 0.003714 0.003981 0.004069 0.004345 0.003002
0.003277 0.005408 0.005891 0.005940 0.006065 0.006045 0.004257
0.001515 0.001848 0.001814 0.001919 0.001968 0.002438 0.001886
0.003339 0.006558 0.008263 0.008329 0.008280 0.008163 0.007479
0.002006 0.003224 0.003498 0.003605 0.003724 0.003742 0.002518
0.002869 0.005013 0.007695 0.009657 0.011634 0.011826 0.010936
0.001413 0.002071 0.001977 0.001830 0.001881 0.002052 0.001488
0.003522 0.005357 0.005453 0.005750 0.006260 0.005812 0.004939
0.001449 0.001964 0.001735 0.001582 0.001982 0.002524 0.002249
0.003287 0.004842 0.004642 0.004417 0.005127 0.005230 0.004252
0.003253 0.004747 0.004601 0.004264 0.004121 0.004195 0.003021
0.001837 0.002777 0.002772 0.002529 0.002772 0.002957 0.002284
0.001541 0.002195 0.002082 0.002182 0.002367 0.002363 0.001982
0.004863 0.007775 0.008077 0.008890 0.009697 0.009598 0.009003
0.002857 0.004815 0.005497 0.005763 0.005922 0.005984 0.004428
0.003764 0.006444 0.007281 0.007533 0.007697 0.007696 0.005994
0.003156 0.004963 0.005481 0.005848 0.006199 0.006332 0.003915
0.001977 0.003002 0.003042 0.002920 0.003275 0.003704 0.002531
0.003901 0.005834 0.006380 0.007028 0.007864 0.007466 0.006670
0.001861 0.002889 0.002998 0.002965 0.002955 0.002924 0.002330
0.002522 0.004292 0.004862 0.005138 0.005374 0.005477 0.003419
0.004152 0.007198 0.008154 0.008451 0.008535 0.008331 0.006628
0.002086 0.003016 0.003512 0.003506 0.003416 0.003382 0.002728
0.002603 0.003936 0.004249 0.004348 0.004492 0.004536 0.003271
0.003225 0.005088 0.005445 0.005681 0.006138 0.005924 0.005095
0.003699 0.006382 0.007177 0.008034 0.008925 0.009472 0.006587
0.001174 0.001674 0.001894 0.001860 0.002166 0.002260 0.002029
0.001625 0.002282 0.002111 0.001929 0.002183 0.002346 0.002077
0.003355 0.005402 0.005831 0.006273 0.006530 0.005961 0.005070
0.001761 0.002660 0.003096 0.003216 0.003313 0.002986 0.002585
0.004132 0.006924 0.007573 0.009513 0.012782 0.014053 0.010552
0.002373 0.003469 0.003483 0.003976 0.004274 0.004330 0.003355
0.001325 0.001989 0.001975 0.002016 0.002327 0.002237 0.001996
0.003522 0.005332 0.006275 0.006712 0.007036 0.006421 0.005518
0.002263 0.003514 0.003675 0.003637 0.003736 0.003516 0.002888
0.001644 0.002419 0.002353 0.002258 0.002410 0.002373 0.001929
0.002512 0.003515 0.003348 0.003096 0.003935 0.004577 0.003599
0.003637 0.006023 0.006888 0.007181 0.007363 0.007472 0.005456
0.001179 0.001695 0.001602 0.001542 0.002031 0.002565 0.002059
0.005284 0.008187 0.008393 0.007900 0.008904 0.009659 0.008653
0.003612 0.005922 0.006376 0.006611 0.006736 0.006586 0.005136
0.003606 0.005974 0.006487 0.006469 0.006438 0.006905 0.005188
0.004262 0.007724 0.009028 0.009461 0.009857 0.009957 0.007731
0.003922 0.006242 0.006822 0.007571 0.008033 0.007507 0.006604
0.005290 0.008671 0.009717 0.010380 0.010995 0.011456 0.009083
0.003266 0.005335 0.005811 0.005861 0.006217 0.005989 0.005151
0.004988 0.008634 0.010792 0.012627 0.013860 0.014438 0.011157
0.003511 0.005340 0.005486 0.004928 0.005520 0.005572 0.004789
0.003861 0.006478 0.008568 0.009915 0.010592 0.009785 0.008745
0.004195 0.006700 0.006911 0.007202 0.008718 0.009705 0.007113
0.002702 0.003708 0.003605 0.003809 0.003958 0.004128 0.003493
0.004442 0.006221 0.006718 0.006946 0.007360 0.008475 0.006657
0.004112 0.006974 0.007658 0.007683 0.008117 0.007555 0.006698
0.004349 0.007410 0.008243 0.009704 0.011322 0.011118 0.010146
0.003438 0.004746 0.004944 0.004386 0.005350 0.005767 0.004423
0.003957 0.006208 0.007297 0.007377 0.007894 0.007352 0.006393
0.002689 0.004162 0.004561 0.004745 0.005025 0.005355 0.003465
0.002833 0.005898 0.009011 0.011909 0.014260 0.014682 0.013241
0.003203 0.005452 0.006162 0.006419 0.006639 0.006741 0.004741
0.002321 0.003688 0.003940 0.004012 0.004134 0.004170 0.002851
0.002618 0.004056 0.004300 0.004563 0.005013 0.005497 0.003994
0.002711 0.004022 0.004254 0.004526 0.004654 0.004984 0.003746
0.003761 0.006161 0.006610 0.007109 0.007553 0.007839 0.005893
0.004529 0.007992 0.009041 0.009468 0.010001 0.009552 0.008410
0.005887 0.009583 0.010285 0.011163 0.010779 0.010719 0.009102
0.001625 0.002292 0.002613 0.002710 0.002901 0.002758 0.002433
0.001989 0.003037 0.002999 0.003150 0.003375 0.003376 0.002610
0.005880 0.009390 0.009967 0.009670 0.010736 0.010759 0.009615
0.003361 0.005275 0.005599 0.005687 0.005819 0.005655 0.004500
0.004458 0.007980 0.009224 0.010583 0.011037 0.010623 0.009832
0.002810 0.004911 0.007095 0.008087 0.008629 0.008103 0.007161
0.001951 0.003156 0.003364 0.003202 0.003496 0.003485 0.002879
0.002802 0.004456 0.004779 0.005025 0.005196 0.005209 0.003961
0.003250 0.005241 0.006142 0.006852 0.007497 0.007049 0.006182
0.002357 0.003010 0.002558 0.002674 0.002830 0.003540 0.003027
0.003784 0.008105 0.010934 0.011574 0.010906 0.010577 0.009856
0.003961 0.006815 0.007917 0.008468 0.008863 0.009097 0.007448
0.002860 0.004758 0.005316 0.005469 0.005723 0.005988 0.004190
0.004174 0.006126 0.005980 0.005450 0.005783 0.006126 0.004873
0.002630 0.004133 0.004946 0.005526 0.006131 0.006628 0.004703
0.003027 0.004514 0.004555 0.004608 0.005186 0.005787 0.003974
0.003923 0.007024 0.008408 0.009190 0.009719 0.009857 0.007168
0.004438 0.007653 0.008770 0.010001 0.010766 0.010261 0.009238
0.001886 0.002681 0.002537 0.002428 0.002500 0.002885 0.002035
0.004077 0.007164 0.008049 0.009021 0.009962 0.010046 0.009309
0.005506 0.008388 0.008874 0.009908 0.011131 0.011634 0.008640
0.003498 0.006318 0.007526 0.008068 0.008525 0.008789 0.006449
0.003770 0.006352 0.006996 0.007136 0.007282 0.007269 0.005447
0.003431 0.006226 0.008408 0.009332 0.010162 0.009379 0.008357
0.002958 0.004862 0.005318 0.005695 0.006201 0.005996 0.005174
0.004988 0.008634 0.010792 0.012627 0.013860 0.014438 0.011157
0.003511 0.005340 0.005486 0.004928 0.005520 0.005572 0.004789
0.005013 0.007865 0.008189 0.008144 0.009044 0.008770 0.008004
0.002437 0.003897 0.004172 0.004202 0.004200 0.004115 0.003067
0.003622 0.006312 0.007287 0.007789 0.008247 0.008573 0.005738
0.003430 0.005776 0.006688 0.007550 0.008000 0.007406 0.006497
0.003890 0.006252 0.006442 0.006096 0.006538 0.006902 0.005777
0.003947 0.006701 0.007938 0.008577 0.009026 0.009167 0.006715
0.003729 0.006291 0.007584 0.008848 0.010160 0.011013 0.008002
0.002537 0.003938 0.004650 0.004520 0.004582 0.005608 0.004056
0.003890 0.006252 0.006442 0.006096 0.006538 0.006902 0.005777
0.003947 0.006701 0.007938 0.008577 0.009026 0.009167 0.006715
0.005874 0.010045 0.011835 0.012603 0.012725 0.013000 0.010505
0.005786 0.010225 0.012845 0.014198 0.014514 0.014444 0.009702
0.004730 0.008271 0.009903 0.011803 0.012863 0.013693 0.013022
0.005067 0.008767 0.010217 0.011750 0.012736 0.013439 0.009848
0.005681 0.010097 0.014009 0.017707 0.019776 0.021014 0.015923
0.005160 0.008625 0.009361 0.009601 0.010622 0.011752 0.009217
0.004050 0.008322 0.013039 0.017526 0.020760 0.023914 0.020016
0.006794 0.010708 0.011416 0.010739 0.011463 0.011125 0.010355
0.004921 0.006738 0.006882 0.007188 0.007738 0.008016 0.006780
0.007386 0.012932 0.015616 0.016148 0.016185 0.016770 0.014628
0.006219 0.010208 0.011373 0.011484 0.012123 0.013189 0.011510
0.006150 0.009074 0.012679 0.014244 0.013996 0.011642 0.010480
0.005358 0.007928 0.008607 0.008542 0.012921 0.017459 0.014892
0.004518 0.008448 0.012807 0.015173 0.015820 0.015024 0.013951
0.004521 0.006826 0.006813 0.006552 0.007813 0.007776 0.006678
0.004124 0.008549 0.011547 0.021670 0.012061 0.011077 0.009741
0.005384 0.009764 0.011887 0.012999 0.013293 0.013539 0.010857
0.004356 0.006776 0.007197 0.007394 0.007552 0.007399 0.006050
0.003919 0.006599 0.008240 0.009684 0.011628 0.011780 0.011163
0.004473 0.006690 0.007152 0.008208 0.009453 0.010130 0.007771
0.005017 0.008495 0.009436 0.011452 0.013776 0.014839 0.010721
0.005963 0.009542 0.010215 0.012483 0.013766 0.014216 0.012170
0.008701 0.014353 0.017072 0.018942 0.019330 0.020632 0.016338
0.002995 0.004506 0.004758 0.004198 0.004427 0.004974 0.004018
0.004233 0.006222 0.006313 0.006424 0.006803 0.006058 0.005196
0.005788 0.009362 0.010984 0.013439 0.014445 0.015019 0.013096
0.005082 0.008651 0.009608 0.010193 0.010668 0.011109 0.008557
0.005747 0.009538 0.009994 0.011871 0.012832 0.012685 0.011873
0.005087 0.008975 0.010281 0.013079 0.014362 0.014499 0.013286
0.002982 0.004688 0.005091 0.005257 0.005334 0.005294 0.004352
0.004215 0.007380 0.008963 0.010539 0.011340 0.011646 0.008015
0.005132 0.009004 0.011012 0.012162 0.012518 0.012517 0.011157
0.004449 0.005973 0.005154 0.005095 0.007017 0.009173 0.007211
0.004354 0.011586 0.017334 0.021329 0.019926 0.019553 0.018669
0.004695 0.008159 0.009612 0.011441 0.012052 0.011496 0.010612
0.005391 0.009665 0.012649 0.014342 0.014863 0.015056 0.010358
0.009234 0.012033 0.013703 0.013499 0.013936 0.015112 0.011216
0.003783 0.006271 0.007524 0.008634 0.009446 0.009104 0.008139
0.004387 0.006297 0.006267 0.007078 0.008518 0.009469 0.006807
0.007794 0.011717 0.013358 0.013316 0.012367 0.012197 0.008491
0.009354 0.013335 0.017734 0.023124 0.030672 0.028758 0.022407
0.002540 0.003801 0.003877 0.003919 0.004189 0.004181 0.003488
0.004523 0.007681 0.009674 0.011387 0.013655 0.014969 0.013945
0.005568 0.009701 0.011545 0.012296 0.012380 0.012385 0.011511
0.004759 0.008549 0.010800 0.013137 0.014066 0.014611 0.010297
0.005976 0.010652 0.013315 0.014426 0.014665 0.014714 0.010147
0.005388 0.008796 0.013580 0.016991 0.018553 0.018430 0.017209
0.008096 0.009697 0.010776 0.011457 0.011785 0.011996 0.011172
0.005681 0.010097 0.014009 0.017707 0.019776 0.021014 0.015923
0.005160 0.008625 0.009361 0.009601 0.010622 0.011752 0.009217
0.009956 0.011996 0.012878 0.012454 0.010873 0.010706 0.007905
0.003975 0.006420 0.006760 0.006610 0.008434 0.008488 0.007795
0.004831 0.009031 0.011355 0.012585 0.013086 0.013365 0.009337
0.004512 0.007407 0.009943 0.012957 0.014884 0.014662 0.013188
0.005475 0.009151 0.010689 0.011634 0.012193 0.012190 0.011474
0.005444 0.009327 0.011027 0.012879 0.013421 0.013300 0.012480
0.006405 0.010123 0.010696 0.011508 0.013067 0.013868 0.012997
0.004562 0.006512 0.007397 0.007703 0.008137 0.008418 0.007031
0.005475 0.009151 0.010689 0.011634 0.012193 0.012190 0.011474
0.005444 0.009327 0.011027 0.012879 0.013421 0.013300 0.012480
0.005230 0.009163 0.009996 0.013461 0.014892 0.015687 0.014423
0.011091 0.013966 0.014469 0.014206 0.014216 0.012172 0.011099
0.006646 0.010627 0.013004 0.015461 0.016870 0.017891 0.012681
0.005886 0.009897 0.013611 0.015955 0.016788 0.016981 0.015589
0.006434 0.009900 0.013177 0.015801 0.017771 0.018781 0.017714
0.006187 0.010521 0.012734 0.013923 0.014351 0.014497 0.010947
0.004690 0.009332 0.013082 0.013645 0.013118 0.011402 0.010444
0.009841 0.012393 0.013336 0.014635 0.014948 0.014077 0.012770
0.006101 0.009074 0.009085 0.010142 0.011075 0.011528 0.009272
0.013154 0.017054 0.016174 0.016830 0.016866 0.015888 0.014658
0.006264 0.009936 0.011270 0.012002 0.014137 0.016011 0.012366
0.010930 0.012483 0.012524 0.012773 0.016681 0.019076 0.018233
0.005690 0.008987 0.010695 0.011772 0.016455 0.019167 0.014337
0.006073 0.010670 0.016850 0.023830 0.027281 0.032980 0.025356
0.004901 0.007937 0.008492 0.008350 0.009670 0.010701 0.007758
0.011942 0.015401 0.017850 0.019135 0.021657 0.023929 0.023081
0.006171 0.010541 0.015965 0.018752 0.019851 0.019789 0.018562
0.007057 0.011870 0.014254 0.015052 0.014691 0.014565 0.012520
0.005306 0.008795 0.010813 0.015144 0.018039 0.019178 0.018334
0.004412 0.007967 0.009223 0.008977 0.010885 0.013925 0.012621
0.009889 0.011735 0.012528 0.012488 0.011761 0.011826 0.008950
0.005660 0.009739 0.014746 0.018157 0.019776 0.020206 0.019025
0.006615 0.013536 0.029469 0.033032 0.039386 0.039034 0.029450
0.003184 0.004966 0.005396 0.005746 0.006536 0.006618 0.005747
0.005808 0.009198 0.009654 0.008811 0.009359 0.010248 0.008606
0.007614 0.010987 0.011806 0.012254 0.012109 0.013495 0.012421
0.005104 0.008867 0.010898 0.013458 0.014421 0.014690 0.013568
0.006671 0.009830 0.011363 0.014394 0.016660 0.017656 0.016753
0.006635 0.012675 0.017283 0.020671 0.023883 0.023539 0.018039
0.005207 0.008892 0.010288 0.010973 0.011046 0.011129 0.007906
0.011907 0.019209 0.022739 0.026637 0.030704 0.026020 0.019734
0.010378 0.017539 0.018969 0.019558 0.019555 0.020088 0.014716
0.005535 0.007677 0.008434 0.008513 0.012284 0.014400 0.011084
0.005848 0.010112 0.016526 0.026841 0.037346 0.027198 0.022699
0.005930 0.010657 0.014243 0.016223 0.016518 0.016653 0.011663
0.006466 0.011432 0.014192 0.014996 0.015012 0.014473 0.010045
0.008235 0.011834 0.015922 0.018214 0.018559 0.017148 0.015512
0.003651 0.007097 0.009990 0.012887 0.015166 0.015059 0.013432
0.005160 0.008020 0.009501 0.011877 0.013415 0.013863 0.009594
0.007652 0.013817 0.018747 0.026892 0.024931 0.024688 0.018198
0.004999 0.026099 0.035042 0.042543 0.045964 0.049531 0.039807
0.003192 0.005085 0.005326 0.006088 0.006954 0.007254 0.006565
0.005137 0.009324 0.013151 0.016392 0.017698 0.018554 0.014363
0.007837 0.012565 0.015262 0.014405 0.015338 0.017372 0.016437
0.004419 0.008120 0.011125 0.013862 0.015171 0.015910 0.011154
0.005649 0.010023 0.012399 0.013534 0.013748 0.013915 0.012028
0.006674 0.011384 0.013372 0.013811 0.013556 0.014387 0.013569
0.006599 0.011270 0.014006 0.015977 0.017226 0.017900 0.012962
0.006434 0.010439 0.015005 0.020452 0.027695 0.026564 0.020582
0.006187 0.010521 0.012734 0.013923 0.014351 0.014497 0.010947
0.012704 0.015740 0.015500 0.013222 0.012784 0.010808 0.009495
0.005188 0.007880 0.008030 0.008377 0.009795 0.010938 0.010119
0.003893 0.007679 0.011017 0.012880 0.013787 0.013037 0.011794
0.004356 0.009253 0.013781 0.017381 0.020411 0.023568 0.020116
0.019763 0.019816 0.018166 0.014641 0.012762 0.013768 0.012616
0.009753 0.012421 0.013384 0.012438 0.010886 0.011861 0.011782
0.006813 0.012463 0.015151 0.016202 0.015861 0.017595 0.016649
0.006753 0.011444 0.014310 0.015130 0.014593 0.014156 0.011057
0.019763 0.019816 0.018166 0.014641 0.012762 0.013768 0.012616
0.009753 0.012421 0.013384 0.012438 0.010886 0.011861 0.011782
0.005759 0.009780 0.011556 0.014165 0.017934 0.021559 0.019863
0.004813 0.007878 0.011666 0.014384 0.015831 0.015348 0.013869
0.009764 0.011510 0.012258 0.016366 0.018764 0.022027 0.019552
0.008784 0.011288 0.012710 0.014869 0.015627 0.016415 0.012162
0.006507 0.014966 0.018029 0.022072 0.030367 0.028609 0.022800
0.006582 0.011315 0.016708 0.019705 0.021582 0.024619 0.020401
0.005167 0.012701 0.018129 0.026725 0.033872 0.039348 0.030564
0.007043 0.011499 0.012960 0.013268 0.013260 0.013692 0.012462
0.009388 0.011809 0.013068 0.013617 0.013773 0.013401 0.012770
0.012897 0.016534 0.016901 0.017993 0.019518 0.020001 0.016330
0.009843 0.012916 0.015361 0.016055 0.016029 0.018044 0.013713
0.016260 0.018028 0.017435 0.014669 0.017523 0.023315 0.020555
0.007477 0.010706 0.011078 0.012307 0.030622 0.030060 0.025907
0.006281 0.011039 0.014404 0.030973 0.040987 0.048175 0.039161
0.004886 0.007682 0.008393 0.009133 0.012385 0.015462 0.013525
0.005876 0.008947 0.010199 0.011867 0.019511 0.024903 0.020124
0.006195 0.009930 0.011209 0.013016 0.014432 0.014227 0.013058
0.007759 0.012987 0.015767 0.016879 0.016605 0.016368 0.013716
0.006397 0.010113 0.012358 0.012795 0.014143 0.016603 0.015771
0.009426 0.011435 0.012651 0.012330 0.010950 0.015374 0.014836
0.007711 0.012471 0.015416 0.016863 0.018982 0.019455 0.014925
0.014250 0.021877 0.023090 0.029014 0.026004 0.023098 0.017090
0.005404 0.009844 0.013200 0.028092 0.042168 0.045546 0.033198
0.004057 0.006296 0.007169 0.007485 0.008071 0.009336 0.008055
0.006861 0.011361 0.012942 0.012106 0.012139 0.012511 0.010113
0.018463 0.018783 0.016635 0.014996 0.014496 0.015936 0.013538
0.007138 0.010110 0.012966 0.015591 0.017647 0.018092 0.016911
0.011791 0.014798 0.013905 0.012659 0.011351 0.011424 0.009406
0.013933 0.017509 0.019208 0.018671 0.017746 0.016813 0.015274
0.005700 0.010218 0.013102 0.015286 0.016169 0.016659 0.011275
0.004428 0.007631 0.009834 0.011806 0.013342 0.014255 0.013258
0.011525 0.075969 0.077793 0.079477 0.082250 0.090210 0.064499
0.007322 0.009262 0.011719 0.012309 0.012330 0.014434 0.013246
0.007564 0.011702 0.020087 0.019013 0.029334 0.061159 0.063711
0.007382 0.012395 0.014775 0.016186 0.016613 0.016916 0.013882
0.004095 0.007510 0.011004 0.013513 0.014537 0.014730 0.013505
0.019906 0.026182 0.027145 0.026947 0.019299 0.017578 0.015641
0.005473 0.009293 0.011395 0.010405 0.008817 0.006807 0.006036
0.009893 0.011441 0.012477 0.010897 0.013830 0.017132 0.013660
0.005644 0.011405 0.017081 0.023225 0.035230 0.027587 0.021679
0.005567 0.009868 0.013239 0.013449 0.012028 0.011466 0.009311
0.003660 0.005631 0.006250 0.007469 0.008558 0.009617 0.008943
0.005610 0.008878 0.013731 0.019500 0.024055 0.024425 0.019430
0.006643 0.009789 0.009654 0.009190 0.012768 0.016306 0.015032
0.005733 0.011183 0.016351 0.021230 0.027117 0.025169 0.019169
0.006282 0.011258 0.014595 0.016265 0.016565 0.016868 0.015639
0.010588 0.012859 0.015085 0.016291 0.016840 0.019211 0.018459
0.017979 0.019137 0.017673 0.017374 0.019010 0.020427 0.016219
0.006507 0.017877 0.022695 0.022073 0.030367 0.028610 0.022799
0.006582 0.011315 0.016708 0.019705 0.021582 0.024620 0.020401
0.019298 0.026007 0.026877 0.021773 0.018365 0.017255 0.015309
0.005891 0.009309 0.009749 0.010717 0.012664 0.013791 0.010889
0.004042 0.008486 0.012504 0.015053 0.016772 0.017943 0.013790
0.005179 0.011472 0.016872 0.023066 0.026924 0.031286 0.024197
0.013009 0.014629 0.014790 0.014190 0.017150 0.018764 0.017394
0.015382 0.017176 0.017133 0.016296 0.016569 0.016303 0.014639
0.006940 0.011481 0.016121 0.019980 0.021417 0.023090 0.020691
0.014039 0.015484 0.014216 0.012313 0.012410 0.013747 0.010443
0.014543 0.018504 0.017902 0.017013 0.017150 0.018764 0.017394
0.015382 0.017176 0.017133 0.016296 0.016569 0.016303 0.014639
0.018095 0.020187 0.020680 0.020649 0.018690 0.018127 0.013538
0.007458 0.012285 0.017396 0.020398 0.021760 0.021237 0.019766
0.006168 0.010234 0.011857 0.012608 0.012614 0.012564 0.011633
0.008179 0.011953 0.014465 0.016549 0.015620 0.014797 0.010847
0.006172 0.010651 0.015878 0.017673 0.014527 0.014306 0.011368
0.005767 0.008964 0.009419 0.009717 0.012406 0.015771 0.013221
0.006156 0.014641 0.018899 0.022963 0.028651 0.179136 0.171890
0.005054 0.007959 0.010987 0.018095 0.038053 0.040515 0.030843
0.016216 0.028108 0.025820 0.016249 0.015185 0.014342 0.010015
0.015817 0.018773 0.017185 0.012995 0.015529 0.016803 0.013127
0.013071 0.020145 0.048146 0.019700 0.018009 0.019114 0.017462
0.024152 0.027283 0.028334 0.026135 0.019589 0.021356 0.019426
0.011553 0.012668 0.009979 0.011144 0.013315 0.017273 0.017037
0.006132 0.009808 0.014720 0.020335 0.026963 0.030114 0.024988
0.006526 0.009125 0.008627 0.008065 0.013728 0.023427 0.022566
0.006663 0.008933 0.011822 0.015059 0.014736 0.023976 0.012554
0.017804 0.019750 0.019961 0.019785 0.019471 0.018897 0.012872
0.014158 0.017636 0.017803 0.017331 0.018089 0.016686 0.014228
0.010834 0.012976 0.013824 0.014204 0.016267 0.021653 0.021081
0.006238 0.011111 0.016287 0.024275 0.032459 0.033726 0.028794
0.009071 0.012287 0.014318 0.014615 0.012603 0.015402 0.015624
0.008870 0.012588 0.015720 0.019076 0.021321 0.023225 0.019723
0.018892 0.022742 0.025694 0.091343 0.029344 0.025396 0.016822
0.005925 0.009992 0.012081 0.013323 0.016030 0.023104 0.020359
0.024115 0.025021 0.027496 0.021690 0.012215 0.010424 0.009862
0.018949 0.021292 0.025115 0.030075 0.031251 0.027253 0.020287
0.009936 0.012868 0.015109 0.015798 0.015967 0.014641 0.013127
0.023504 0.023298 0.023497 0.018387 0.017876 0.017514 0.014237
0.013782 0.016877 0.018681 0.020238 0.020832 0.020815 0.013842
0.015673 0.018332 0.014841 0.016010 0.016878 0.017142 0.015862
0.015932 0.019346 0.019774 0.019617 0.020417 0.019776 0.018494
0.047696 0.044136 0.045739 0.049983 0.056798 0.056790 0.052152
0.003605 0.007110 0.009940 0.016527 0.022118 0.020705 0.018382
0.033998 0.033711 0.043688 0.025023 0.015288 0.011113 0.006013
0.012241 0.126136 0.127254 0.126169 0.123457 0.107368 0.094084
0.005111 0.009567 0.012913 0.017080 0.018937 0.021110 0.019937
0.026964 0.031497 0.033248 0.031929 0.017265 0.015657 0.015322
0.018005 0.018885 0.017676 0.015336 0.012801 0.011495 0.010353
0.003917 0.006678 0.007313 0.006977 0.015795 0.034944 0.025073
0.009163 0.011997 0.016890 0.029251 0.034163 0.031614 0.025931
0.032434 0.026900 0.022523 0.016488 0.016732 0.016981 0.012469
0.011804 0.013814 0.015044 0.015457 0.018552 0.020725 0.019684
0.015921 0.016963 0.017887 0.020572 0.028665 0.030072 0.026069
0.006266 0.008509 0.009962 0.014637 0.031627 0.035332 0.028313
0.009898 0.012609 0.015011 0.017148 0.017863 0.016527 0.014863
0.007677 0.013823 0.017290 0.019275 0.020090 0.020427 0.014360
0.030072 0.027570 0.028788 0.025556 0.016380 0.016035 0.011589
0.007561 0.012881 0.015433 0.016301 0.015705 0.014885 0.010979
0.006172 0.010651 0.015878 0.017673 0.014527 0.014306 0.011368
0.005767 0.008964 0.009419 0.009717 0.012406 0.015771 0.013221
0.006946 0.011610 0.014309 0.014726 0.015332 0.015900 0.014525
0.010695 0.012968 0.013102 0.012558 0.012849 0.012450 0.011827
0.015918 0.020796 0.023477 0.021727 0.034936 0.029251 0.025795
0.022051 0.022271 0.025528 0.025902 0.024511 0.031908 0.025540
0.034746 0.029403 0.027115 0.022283 0.022215 0.025461 0.020717
0.005162 0.008492 0.010772 0.012898 0.016179 0.018926 0.018869
0.408435 0.411519 0.420028 0.293225 0.275296 0.261109 0.252047
0.005620 0.008130 0.010180 0.017444 0.021584 0.022932 0.017328
0.040423 0.037059 0.037024 0.027831 0.027385 0.025832 0.021092
0.005162 0.008492 0.010772 0.012898 0.016179 0.018926 0.018869
0.033926 0.028216 0.028818 0.030193 0.032028 0.023841 0.018391
0.021903 0.023319 0.023887 0.023183 0.022219 0.022128 0.017532
0.243186 0.243097 0.246754 0.192687 0.181436 0.181007 0.176220
0.029150 0.025901 0.034312 0.017059 0.009967 0.010158 0.009851
0.020395 0.021043 0.018022 0.017552 0.016413 0.018389 0.017573
0.015830 0.018321 0.018123 0.018523 0.020529 0.024126 0.021983
0.015634 0.018549 0.018498 0.017512 0.016131 0.014778 0.013536
0.006130 0.010563 0.015400 0.018178 0.019338 0.019368 0.018269
0.042815 0.038961 0.038984 0.041900 0.046127 0.044669 0.033942
0.022250 0.038029 0.040365 0.032316 0.023294 0.031106 0.017428
0.011788 0.015915 0.020436 0.035266 0.023207 0.020653 0.019260
0.018386 0.029565 0.024951 0.016230 0.015242 0.012461 0.010906
0.014904 0.017189 0.017108 0.012592 0.015874 0.022501 0.021978
0.019069 0.019830 0.018862 0.016024 0.022834 0.024845 0.019099
0.007050 0.011146 0.011913 0.011620 0.020250 0.034082 0.030039
0.013739 0.015500 0.015892 0.016221 0.028789 0.037657 0.031058
0.004699 0.008189 0.011948 0.012945 0.017612 0.022672 0.015100
0.009701 0.013206 0.015688 0.016599 0.015649 0.013802 0.011758
0.045496 0.044736 0.046685 0.042255 0.028819 0.032122 0.019493
0.008307 0.010301 0.011413 0.012638 0.029835 0.027475 0.024452
0.012050 0.014182 0.014777 0.018742 0.020474 0.026902 0.024304
0.007688 0.012048 0.013165 0.020625 0.041817 0.033332 0.026893
0.037539 0.044199 0.046490 0.044699 0.030483 0.030780 0.023811
0.006621 0.009318 0.009589 0.011456 0.019942 0.031136 0.024969
0.155519 0.154885 0.170226 0.040231 0.016979 0.017813 0.017259
0.036487 0.031428 0.030081 0.029498 0.029070 0.026337 0.019933
0.013721 0.017624 0.019691 0.021079 0.020047 0.021447 0.019081
0.030140 0.030731 0.025339 0.025079 0.022831 0.022206 0.015988
0.010858 0.012628 0.012664 0.011694 0.011519 0.011247 0.009333
0.008659 0.015197 0.018734 0.020407 0.020839 0.021148 0.015020
0.018474 0.021658 0.022704 0.016334 0.016749 0.017974 0.013371
0.004705 0.007934 0.009848 0.010942 0.015336 0.017289 0.011944
0.009349 0.011876 0.011933 0.017832 0.024176 0.017859 0.016176
0.027213 0.025460 0.019128 0.010636 0.005652 0.006663 0.005880
0.017038 0.020429 0.028063 0.037063 0.040473 0.043229 0.032717
0.008434 0.011741 0.014756 0.015737 0.015747 0.014230 0.012669
0.054066 0.056006 0.054929 0.037049 0.019384 0.011304 0.010079
0.023346 0.025755 0.027220 0.028928 0.026737 0.028113 0.024229
0.058361 0.057929 0.057862 0.053236 0.055664 0.060282 0.052093
0.036839 0.037995 0.040240 0.024186 0.012761 0.013579 0.011776
0.029069 0.026746 0.021120 0.016336 0.013796 0.012542 0.011345
0.019671 0.024785 0.026502 0.030281 0.033787 0.038557 0.030655
0.007784 0.009350 0.009687 0.013131 0.020743 0.032900 0.021354
0.014233 0.015513 0.017143 0.016364 0.014720 0.014363 0.012628
0.020128 0.029716 0.032706 0.016573 0.014803 0.011120 0.010044
0.012778 0.021662 0.025203 0.024302 0.029026 0.028116 0.020735
0.009379 0.012026 0.014786 0.015772 0.015119 0.016671 0.016104
0.005325 0.009947 0.012014 0.013724 0.015943 0.018162 0.017511
0.020395 0.021043 0.018022 0.017552 0.016413 0.018388 0.017573
0.004807 0.007737 0.009734 0.011218 0.020906 0.037317 0.063939
0.032097 0.033816 0.038474 0.033172 0.019564 0.018397 0.013983
0.011625 0.014427 0.014333 0.013894 0.011985 0.016500 0.012940
0.007422 0.011315 0.011786 0.016787 0.024224 0.028323 0.022247
0.011755 0.013277 0.010000 0.010372 0.018604 0.031635 0.025763
0.031235 0.034883 0.039280 0.050992 0.018512 0.019551 0.021793
0.016024 0.019809 0.025034 0.024210 0.023741 0.023839 0.021100
0.003524 0.008653 0.014078 0.017915 0.018958 0.017598 0.015323
0.013188 0.015222 0.018150 0.018744 0.017946 0.018475 0.012736
0.028129 0.025264 0.010592 0.010522 0.011348 0.019551 0.021793
0.016009 0.019767 0.023864 0.024151 0.023737 0.023840 0.021102
