0.438258 0.580609 0.557064 0.628387 0.730084 0.890983 1.143501
0.769152 1.229903 1.376880 1.470175 1.098142 1.277608 1.820427
0.721242 0.984523 1.157252 1.180554 0.877565 0.727866 1.417861
1.075465 1.090382 1.246760 1.337921 1.125354 1.097967 1.670152
1.172485 1.199427 1.253159 1.358860 1.126728 1.153307 2.214004
1.006562 1.315755 1.429285 1.186058 0.987090 0.903020 1.784539
0.843955 1.136505 1.186183 1.160748 0.991645 0.713755 1.640531
0.791949 1.360067 1.650936 1.540302 1.187084 1.480999 2.379683
1.083418 1.554516 1.536980 1.251433 0.928085 0.871038 1.561747
1.188305 1.671978 1.500364 1.373956 1.172640 0.874815 2.126500
0.726862 1.141119 1.240071 1.361553 1.298801 1.327613 2.050675
0.854031 1.100054 1.329927 1.283941 0.869543 0.986713 2.001676
0.742655 0.922449 1.146354 1.290425 1.315331 1.412702 1.896924
0.849972 1.185213 1.420797 1.405676 1.080503 1.046142 2.007693
0.684765 1.209269 1.224601 1.411671 1.216252 1.144954 1.852642
0.816925 1.440226 1.949349 2.015693 1.415101 1.384998 2.483294
0.742655 0.922449 1.146354 1.290424 1.315330 1.412702 1.896924
0.849972 1.185213 1.420797 1.405676 1.080503 1.046142 2.007693
0.775637 1.304691 1.167986 1.134034 1.181444 1.053709 2.195815
1.008881 1.390409 1.532663 1.657994 1.578998 1.652906 2.637638
0.990865 1.203879 1.430338 1.347744 1.094545 1.020956 1.872149
1.049129 1.380644 1.350342 1.399228 1.145402 1.154694 1.893750
0.840207 1.086406 0.958262 0.996835 0.846900 0.798104 1.317921
0.771967 1.223181 1.402124 1.438096 1.057725 1.314022 2.105520
1.095167 1.449497 1.303425 1.346620 1.276500 1.332837 2.049427
0.982698 1.204697 1.372774 1.526439 1.234650 1.407094 2.406627
0.312596 0.385777 0.514839 0.563016 0.581155 0.677225 0.854723
0.234293 0.298158 0.414248 0.419348 0.397213 0.377643 0.622198
1.083418 1.554516 1.536980 1.251433 0.928085 0.871038 1.561747
1.188305 1.671978 1.500364 1.373956 1.172640 0.874815 2.126500
0.608897 0.859996 0.902739 0.907166 0.723234 0.771097 1.193127
0.543672 0.886344 1.039486 1.047455 0.987708 1.180685 1.466886
0.401629 0.637582 0.761953 0.733166 0.659787 0.806871 1.032833
0.343810 0.582051 0.669082 0.724293 0.770743 0.879665 1.143010
0.585617 0.840082 1.061806 1.112806 0.937904 1.240342 1.612504
0.321265 0.512483 0.553135 0.554203 0.550863 0.534228 0.913510
0.791584 1.076962 1.209465 1.073017 1.004069 0.835242 1.903709
0.605374 0.709001 0.888939 0.911740 0.919519 1.073359 1.427832
0.585858 0.649633 0.650402 0.558098 0.515272 0.448871 0.818563
0.351489 0.459050 0.632665 0.567740 0.528754 0.518879 0.696998
1.172485 1.199427 1.253159 1.358860 1.126728 1.153307 2.214004
1.006562 1.315755 1.429285 1.186058 0.987090 0.903020 1.784539
0.716673 1.024950 1.044931 1.135924 1.207658 1.433905 1.985657
0.552545 0.620191 0.494776 0.443406 0.614925 0.509826 0.718503
0.879624 0.914502 1.058844 0.986971 1.052490 0.692312 1.218139
0.832902 1.289811 1.627945 1.503047 0.985515 1.006884 2.071718
0.394298 0.510015 0.601850 0.637180 0.680252 0.575850 0.835139
0.426848 0.693106 0.833187 0.768452 0.624366 0.680174 1.050381
1.172485 1.199427 1.253159 1.358860 1.126728 1.153307 2.214004
1.006562 1.315755 1.429285 1.186058 0.987090 0.903020 1.784539
0.950666 1.620712 1.661649 1.637135 1.288461 1.273063 1.852444
1.119128 1.859159 1.918629 1.765911 1.282028 1.105396 2.268666
0.312596 0.385777 0.514839 0.563016 0.581155 0.677225 0.854723
0.234293 0.298158 0.414248 0.419348 0.397213 0.377643 0.622198
0.657103 1.096458 1.358434 1.185145 0.780583 0.615241 1.353868
0.380212 0.493451 0.598934 0.473637 0.480462 0.457601 0.755808
0.879624 0.914502 1.058844 0.986971 1.052490 0.692312 1.218139
0.832902 1.289811 1.627945 1.503047 0.985515 1.006884 2.071718
0.608897 0.859996 0.902739 0.907166 0.723234 0.771097 1.193127
0.543672 0.886344 1.039486 1.047455 0.987708 1.180685 1.466886
0.562658 0.951943 0.941156 1.228320 1.009772 0.806975 1.435713
1.190154 1.198517 1.248262 1.242077 1.121910 1.072100 2.280836
0.934556 1.236667 1.348308 1.460246 1.268478 1.181123 1.814882
0.817555 0.959162 1.249651 1.338864 1.704302 2.077743 2.641930
0.605802 1.011800 1.064692 1.127291 1.028360 1.046007 1.701884
0.678461 0.963921 1.025169 1.060393 0.889437 0.997383 1.468465
0.944706 1.232044 1.189223 1.389448 1.503854 1.792720 2.342402
1.169482 1.592267 1.683492 1.716956 1.398291 1.339690 2.482393
1.052611 1.424748 1.572825 1.441327 1.169248 1.126326 2.396127
0.808058 0.969483 1.187872 1.284807 1.149310 1.383219 2.172827
1.151240 1.437285 1.328934 1.393315 1.306827 0.954560 1.729590
1.007266 1.669081 1.779161 1.850309 1.472851 1.712492 2.693095
0.678173 1.027942 1.092147 1.030514 0.991873 1.034297 1.711537
0.810958 1.172046 1.137209 1.042084 1.265291 1.176284 1.664709
0.718254 0.858528 0.691116 0.818155 0.982242 1.004492 1.290972
0.550274 0.768161 0.787368 0.751966 0.785767 0.763548 0.981715
0.839112 1.075094 1.116388 1.086929 1.029559 1.139365 1.678518
1.204092 1.601387 1.434980 1.318088 1.503563 0.869112 1.687563
0.633061 0.924023 1.022435 0.935002 0.721191 0.642110 1.292679
0.527027 0.890722 1.043185 1.082289 0.744431 0.697425 1.127682
0.815166 1.204955 1.108147 0.840051 1.094735 0.853051 1.587179
0.712881 0.833374 0.851323 0.824385 0.661465 0.740939 1.162399
0.705891 0.766531 0.914499 1.018424 1.121736 1.217179 1.668894
1.153619 1.670416 1.753946 1.526011 1.318336 1.378556 2.335176
0.705375 1.298412 1.537072 1.621705 1.166298 1.108880 1.833728
0.813388 1.413891 1.867990 1.717077 1.312322 1.190455 2.178280
0.549801 0.856578 1.064735 0.926102 0.812964 0.870952 1.280065
0.573891 0.787351 0.853380 0.836974 0.944916 1.033806 1.329802
0.501444 0.617659 0.620294 0.630973 0.778383 0.762116 1.136363
0.331541 0.588975 0.732298 0.707950 0.688704 0.571029 0.959585
1.052611 1.424748 1.572825 1.441327 1.169248 1.126326 2.396127
0.808058 0.969483 1.187872 1.284807 1.149310 1.383219 2.172827
0.753390 1.141646 1.382263 1.241372 0.855725 1.074378 1.729435
0.788771 1.081281 1.332965 1.410345 1.656277 1.647922 2.029824
1.011781 1.464989 1.460269 1.515185 1.325698 1.317154 2.361372
1.404807 1.899527 1.967036 1.986957 1.793757 2.198000 3.243002
1.303465 1.581148 1.878059 1.774328 1.487118 1.508991 2.310349
1.461857 1.932751 1.745949 1.695037 1.320303 1.387516 2.405659
0.953329 1.221953 1.260777 1.309076 1.279118 1.360949 1.970888
0.604173 0.985239 1.215125 1.158710 0.773593 0.877874 1.497465
1.075242 1.432636 1.382796 1.508803 1.251107 1.043494 1.679675
1.080221 1.518798 1.758321 1.503601 1.140341 1.649740 2.566913
0.815991 1.152896 1.159567 1.177994 0.971354 0.984756 1.496674
0.782125 1.165661 1.374249 1.275691 1.129694 1.352488 1.852955
1.203421 1.399801 1.442672 1.366320 1.359381 0.917966 1.805410
1.160140 1.631254 2.077114 2.066515 1.246367 1.282220 2.747716
0.745100 1.011409 1.215355 1.318182 1.218294 1.327909 1.735232
0.775704 0.958463 1.007075 0.949970 0.883906 0.812769 1.439593
0.705891 0.766531 0.914499 1.018424 1.121736 1.217179 1.668894
1.153619 1.670416 1.753946 1.526011 1.318336 1.378556 2.335176
0.889796 1.075167 1.136671 1.068114 0.987670 1.031255 1.560517
0.849085 1.037509 1.218136 1.347757 1.187324 1.329475 1.889141
0.753390 1.141646 1.382263 1.241372 0.855725 1.074378 1.729435
0.788771 1.081281 1.332965 1.410345 1.656277 1.647922 2.029824
0.787721 0.874442 0.872464 0.744635 0.699246 0.594619 1.110145
0.474937 0.622565 0.834990 0.754399 0.712622 0.721130 0.907394
0.953329 1.221953 1.260777 1.309076 1.279118 1.360949 1.970888
0.604173 0.985239 1.215125 1.158710 0.773593 0.877874 1.497465
0.953329 1.221953 1.260777 1.309076 1.279118 1.360949 1.970888
0.604173 0.985239 1.215125 1.158710 0.773593 0.877874 1.497465
0.970460 1.455303 1.634882 1.548452 1.401093 1.541800 2.354195
1.094800 1.233706 1.280852 1.336512 1.088800 1.040181 1.852241
0.630339 0.767779 0.866832 0.888966 1.031915 1.057903 1.412485
0.450686 0.686821 0.795115 0.791754 0.845225 0.729747 1.184845
1.619912 1.695657 1.983521 1.900007 1.961501 2.084312 3.405181
2.210805 3.027674 3.934155 4.218157 2.755624 4.246761 5.370069
0.603122 0.743093 0.777032 0.835126 0.820253 0.975979 1.494100
0.391499 0.623883 0.777308 0.772972 0.762819 0.842429 1.190373
1.459480 1.809505 2.296222 2.430024 1.914063 1.604419 2.878683
1.011387 1.797622 1.935109 2.071324 1.498598 1.197340 2.193847
1.179623 1.502853 1.606054 1.617430 1.447723 1.579638 2.442763
1.596559 2.114286 1.891412 2.002810 1.964220 1.256728 2.446134
0.740177 1.201711 1.485610 1.502090 1.162665 1.278956 1.938249
0.612223 0.910653 1.058887 1.158107 1.067029 1.190557 1.665435
0.780208 1.609070 1.520754 1.645797 1.163510 0.967888 2.024157
0.843067 1.412940 1.922875 1.910399 1.303036 1.554560 2.649224
1.526198 1.890231 1.905517 1.918028 1.878243 1.314696 2.369003
1.333878 2.159136 2.340520 2.048414 1.936487 2.179109 3.454415
1.426156 1.395594 1.628255 1.540647 1.583136 1.276010 2.313574
2.318541 2.621046 2.348691 2.143324 1.990578 1.669095 2.173629
2.275618 3.249886 3.401115 2.975974 2.312941 1.906445 4.126995
2.190877 2.526018 3.490986 3.312802 2.191581 2.364096 4.702434
0.821823 1.177381 1.277690 1.160713 0.915767 0.836254 1.624592
0.735871 1.190496 1.389261 1.391954 0.986203 0.906804 1.485199
0.656554 1.109106 1.244581 1.593133 1.287256 1.009894 1.747094
1.572627 1.581836 1.711510 1.549483 1.450963 1.347817 2.955079
0.590059 0.737509 0.799038 0.985556 1.140266 1.175221 1.651563
0.391084 0.547766 0.637047 0.667429 0.662944 0.698032 0.981119
1.155208 1.401819 1.278386 1.564296 1.439078 1.383888 1.745856
1.031616 1.682103 1.697574 1.717542 1.805572 2.047183 3.051693
0.998567 1.289033 0.947869 1.182988 1.331223 1.477595 1.889684
0.808228 1.085667 1.140096 1.043934 1.087445 1.191629 1.435655
2.275618 3.249886 3.401115 2.975974 2.312941 1.906445 4.126995
2.190877 2.526018 3.490986 3.312802 2.191581 2.364096 4.702434
0.873499 1.080100 1.010091 1.142215 1.048212 1.418534 2.231941
0.584571 1.026233 1.261597 1.354812 1.242053 1.252676 2.065893
1.495883 1.918058 1.934182 1.961719 1.465912 1.322057 2.430186
1.409825 1.938978 2.403006 2.191098 1.732430 2.074605 3.278359
0.970460 1.455303 1.634882 1.548452 1.401093 1.541800 2.354195
1.094800 1.233706 1.280852 1.336512 1.088800 1.040181 1.852241
1.076627 1.529241 1.411003 1.037855 1.395574 1.109175 2.054229
0.974383 1.100562 1.110703 1.107749 0.869059 0.881572 1.496181
0.949399 1.177004 1.238792 1.198015 1.289266 1.519517 2.153761
1.432177 2.084497 2.265007 2.158598 1.794382 2.016635 3.071732
0.708836 1.104116 1.447433 1.503250 1.363359 1.747947 2.336442
0.726121 1.022739 1.308160 1.402360 1.641643 1.959103 2.604240
0.837275 1.254467 1.396255 1.313174 1.150054 1.199252 1.876695
1.124098 1.506597 1.625119 1.536219 1.496371 1.477771 2.240194
1.726924 2.081505 2.370806 2.395879 1.907787 1.789559 2.855898
2.004316 2.543997 2.259360 1.936319 1.585446 1.544737 2.842297
1.726924 2.081505 2.370806 2.395879 1.907787 1.789559 2.855898
2.004316 2.543997 2.259360 1.936319 1.585446 1.544737 2.842297
1.179069 1.781496 1.894262 1.814957 1.851849 1.831830 2.830456
0.796846 1.033555 1.292058 1.405135 1.070004 1.027024 1.758878
1.903282 2.114346 1.953308 1.974837 1.808908 1.407001 2.732363
1.595182 2.033337 2.486155 2.365823 1.646199 2.001972 3.566687
1.233854 1.898460 2.211662 2.051031 1.214464 1.091810 2.402418
0.750613 0.763588 1.083803 0.921416 0.884533 0.830831 1.308638
1.423152 1.791541 1.818918 1.914190 1.752514 1.543489 2.369133
1.793897 2.616878 2.680245 2.591698 2.441251 2.180425 3.246395
1.104803 1.484763 1.591094 1.462971 1.168024 1.092452 2.112918
1.097200 1.474571 1.861862 1.830546 1.330379 1.205035 1.973657
0.831826 1.161827 1.274950 1.190018 0.907463 1.268702 2.149798
0.817440 1.336201 1.714528 1.794816 1.439598 1.552764 2.532827
1.676882 2.217147 2.034336 1.954415 2.371734 2.054384 3.404320
0.969395 1.529211 1.838615 1.993178 1.334648 1.521708 2.259953
2.965521 3.952842 4.764323 4.297784 3.580182 3.178211 5.384559
3.483881 3.990230 4.875588 4.569267 2.844787 3.726363 5.965126
2.327504 2.826048 2.445812 2.013267 2.973888 1.739322 2.991472
1.434940 1.775207 1.839731 1.914512 1.980129 2.306407 3.340323
1.353897 1.803435 1.588233 2.067474 2.078041 2.169642 3.531182
1.096838 1.182293 1.175162 1.122179 1.232217 0.966753 1.824152
3.038739 3.660453 4.436677 4.186529 2.621280 2.908569 5.261517
2.649013 2.994974 2.993303 2.928984 2.386288 2.293294 3.914601
1.799085 2.471133 2.786374 2.759887 1.759187 2.346022 3.991085
1.521067 1.760323 2.026072 2.211868 1.973072 2.422260 3.286737
2.296653 3.129351 2.363009 2.183116 2.569289 2.398767 3.555216
2.550777 3.196949 2.909825 2.737676 2.611366 3.138860 5.153655
1.031689 1.588321 1.847073 1.741002 1.528717 1.793309 2.739640
1.224458 1.702902 1.808455 1.906621 1.748212 1.690848 2.431365
0.634352 0.753841 0.805072 0.973857 0.930007 1.061877 1.494557
0.560031 0.644793 0.633833 0.701459 0.834198 0.905095 1.129279
1.676882 2.217147 2.034336 1.954415 2.371734 2.054384 3.404320
0.969395 1.529211 1.838615 1.993178 1.334648 1.521708 2.259953
1.199764 1.571398 1.988582 1.628619 1.546279 1.658979 2.106142
1.144731 1.517888 1.849509 1.562931 1.573237 1.755205 2.623050
2.036184 2.128361 1.934033 1.973364 1.945617 1.468503 2.744522
2.140681 2.729813 2.087317 1.813758 2.454066 1.515065 2.795716
1.973781 2.478978 2.771410 2.523381 2.503765 1.893897 3.480327
1.921588 2.889297 3.337827 2.904617 2.719317 2.621725 4.492769
1.352578 1.787362 1.923695 1.960598 1.550353 1.830707 2.803214
1.097637 1.486179 1.777389 1.809671 1.421915 1.287793 2.220173
1.626250 2.106285 2.170241 1.869636 2.083734 1.833780 3.205262
1.483986 1.634666 1.926221 1.940908 2.534118 2.607833 3.815921
1.246004 1.896282 2.326462 2.575963 2.311682 2.642473 3.610627
1.744828 2.510022 3.049385 2.971627 2.646735 2.745518 4.079103
2.293644 2.580251 3.136957 3.000135 2.138035 1.757501 3.529200
2.328015 2.895106 3.292022 3.266844 2.091086 2.188118 3.825308
1.975794 2.326772 3.052539 2.989567 2.162090 1.895703 3.554508
1.575797 2.236635 2.857994 2.585123 1.915717 2.102439 3.228784
2.138857 2.605185 2.904669 2.450148 3.078889 1.831047 3.324432
1.680168 3.108525 3.141937 2.756100 2.490531 2.081420 4.385174
1.024885 1.328294 1.548535 1.710065 1.902068 2.402199 2.896398
0.797030 1.335469 1.411872 1.447436 1.220538 1.327003 2.141262
1.779942 2.643136 3.396161 2.922998 2.766894 3.218344 4.910477
2.674187 3.367986 3.773853 3.563926 2.246762 2.601390 4.683584
0.886190 1.015735 1.253703 1.318203 1.386266 1.749793 2.109505
1.168318 1.445539 1.534319 1.641443 1.586880 1.537417 2.554523
0.831826 1.161827 1.274950 1.190018 0.907463 1.268702 2.149798
0.817440 1.336201 1.714528 1.794816 1.439598 1.552764 2.532827
1.704097 2.654361 3.419195 3.042104 1.746899 1.919341 3.845223
1.277498 1.617582 1.419814 1.346987 1.398832 0.899330 1.746835
2.291112 2.393840 2.304088 2.829810 2.443327 3.227916 3.884729
2.676321 2.791338 3.196815 2.915793 2.469089 1.726722 3.635168
0.693140 0.856265 1.091964 1.242082 1.485749 1.875914 2.201886
0.694561 0.824170 0.875617 1.014661 0.984947 1.288530 1.699070
0.884189 1.234352 1.693053 1.967326 1.607849 1.585790 2.132979
2.079983 2.344167 2.441281 2.096972 1.967409 1.754511 3.927941
1.392477 1.863336 1.744686 1.887990 1.693372 2.075589 3.318720
0.833486 1.736458 2.034102 1.942019 1.597320 1.648577 2.772864
3.417093 4.887885 5.416950 4.245208 4.415752 4.140433 7.130169
3.975422 6.040798 5.125315 5.134855 4.565069 3.908998 6.534934
2.522486 3.542893 4.108231 4.247217 3.207429 3.134825 5.090555
3.484448 3.642974 4.364137 4.343887 3.526477 2.916144 6.141910
1.272460 1.557375 2.279683 2.397725 2.078819 2.201504 2.723145
2.833178 2.788008 3.313913 2.949022 2.644931 2.523058 5.278175
2.546636 3.457501 3.459695 3.808601 3.479752 2.589850 4.672755
3.235058 4.478476 4.929241 4.682088 3.284590 3.480664 5.772039
1.698991 2.415332 2.099128 2.217147 2.299249 2.519876 3.909973
1.405360 2.315393 2.607877 2.344027 2.379911 2.661161 3.584057
1.698991 2.415332 2.099128 2.217147 2.299252 2.519876 3.909973
1.405360 2.315393 2.607877 2.344027 2.379911 2.661161 3.584057
1.923155 2.584520 2.744968 2.383564 2.133501 2.514753 3.491246
1.802396 2.141536 2.521353 2.681722 2.399970 1.989626 2.955151
0.957634 1.219570 1.643235 1.675568 1.639704 2.107030 2.671704
0.907380 1.190958 1.144696 1.269833 1.224374 1.419006 1.967760
1.138160 1.433860 1.447463 1.384597 1.344068 1.303007 1.888234
1.769157 2.129945 2.255722 2.162896 2.386256 2.071718 3.308545
1.180069 2.040938 2.677738 2.426005 2.078039 2.468527 3.441225
1.692085 2.282931 2.562978 2.632558 2.587618 2.229534 3.487767
2.857000 3.168718 2.914106 3.031666 3.108477 2.948728 3.853729
2.922839 3.931785 4.933005 5.709901 4.356053 4.129890 6.145781
2.849092 3.554040 4.267539 4.083130 2.961595 3.807241 4.755374
3.766192 4.619767 5.515012 6.024326 4.091516 4.418960 6.175906
1.310882 1.851234 2.224513 1.928687 1.645723 1.612858 2.773410
1.624147 2.020408 2.702666 2.304945 1.746074 1.683245 2.831354
2.920007 3.255509 3.205728 3.452751 2.866958 3.278998 4.881403
3.804170 3.847637 4.350020 3.915471 3.491458 2.363753 5.372934
2.290515 3.031167 2.385964 2.332148 2.737222 2.697184 4.407704
1.394230 2.122369 2.291767 2.566337 1.767560 2.010634 2.914742
1.644740 2.221179 2.685660 2.144910 1.858343 1.864548 3.116888
1.950243 2.340757 2.174238 2.439221 2.220396 2.462132 3.551812
2.170637 2.548256 2.595339 2.159662 1.729687 2.146896 3.476951
2.647685 2.969573 3.135474 2.885051 2.550758 2.391609 3.893337
1.218415 1.725807 2.104077 2.118799 2.222836 2.263300 3.108386
1.078149 1.483639 1.272081 1.256309 1.439004 1.584899 2.259914
2.035215 2.659803 2.217630 2.072304 2.538665 2.037666 3.525948
1.785802 2.482437 2.423865 1.941900 1.889434 1.591313 2.941575
1.180069 2.040938 2.677738 2.426005 2.078039 2.468527 3.441225
1.692085 2.282931 2.562978 2.632558 2.587618 2.229534 3.487767
2.035828 3.423542 3.345877 3.338169 2.530962 2.634367 3.925835
2.914952 3.813054 3.674896 3.088504 3.495137 2.365758 4.911748
3.339700 4.834126 5.027581 5.388165 3.869736 3.819295 6.747014
4.064548 5.459517 6.546880 6.646967 4.582328 5.368386 7.525285
1.390504 2.122231 2.310224 1.981832 1.821949 1.411806 2.392619
1.839512 3.240417 3.386080 2.917468 2.700940 2.535679 4.463842
2.821604 2.702666 2.524448 2.467046 2.133274 2.312154 2.965677
4.074410 3.760743 3.132247 2.488663 3.707013 2.560851 3.742071
2.309146 2.898405 3.367408 3.451913 3.382158 3.650344 4.849267
2.047090 2.837914 2.956816 2.649314 1.678905 2.286194 3.313955
1.940616 2.677536 2.179102 2.900031 2.839931 2.587942 3.763260
1.566687 1.881130 1.630933 1.669077 1.904488 1.362212 2.746937
2.016440 2.331899 2.250163 1.927318 1.922460 1.539852 2.735963
1.287978 1.622474 1.651238 1.874096 1.703262 1.773603 2.128869
0.903477 1.319610 1.574379 1.724864 2.014553 2.547080 3.162830
0.988202 1.197700 1.281583 1.445015 1.536132 1.711446 2.070533
1.942337 2.294838 2.689116 2.174317 1.936981 2.043064 3.112970
2.999648 3.788206 3.475966 3.371592 2.602686 3.151177 4.558574
2.920007 3.255509 3.205728 3.452751 2.866958 3.279001 4.881410
3.804170 3.847637 4.350020 3.915471 3.491458 2.363753 5.372934
2.481667 3.208502 3.710462 3.782984 3.232153 3.375353 5.666180
1.831354 1.913369 1.637167 1.857922 1.994796 2.364511 3.239828
2.525541 3.009140 2.541862 3.062838 3.046461 2.284133 3.846154
4.356102 5.269527 5.957155 4.335841 4.580132 3.859604 6.558832
3.162535 4.376716 4.449558 4.223371 4.250935 4.008828 6.607418
4.474018 5.151681 4.716523 4.222586 4.220873 4.098280 5.743260
1.539273 2.160662 1.620175 1.817111 1.945109 2.526620 3.054198
2.111300 3.097068 3.182963 2.442116 2.105572 2.713451 3.554415
2.174020 2.932149 3.324262 2.770393 2.595811 3.188918 3.986004
2.602461 3.095721 3.172037 3.290683 3.229149 3.571250 5.201126
1.629130 2.789998 2.935221 2.513445 2.769582 2.407824 3.624627
2.334769 3.342667 3.265573 3.243245 3.198999 3.643368 4.910102
3.693096 4.210611 3.743539 4.915563 4.005446 3.246833 4.613535
3.304222 4.677408 5.599270 5.572173 4.191620 4.551870 6.892681
2.626867 3.251294 2.995226 3.512880 3.518962 3.127157 4.834592
2.306635 2.815544 2.282947 2.799319 2.614496 2.066231 3.942322
2.758880 3.399851 3.184488 3.192233 3.292799 2.929252 4.808231
4.284784 4.688397 3.861937 3.483970 5.089720 3.522901 5.176404
2.758880 3.399851 3.184488 3.192233 3.292799 2.929252 4.808231
4.284784 4.688397 3.861937 3.483970 5.089720 3.522901 5.176404
2.819834 3.354556 3.662793 3.600732 2.983959 2.291428 4.198310
3.367335 4.441330 4.818393 5.357497 4.764257 4.312093 6.843211
2.883482 3.965832 4.022316 3.320408 2.924238 2.556174 4.755865
4.179393 4.271704 4.155376 3.701859 3.518019 4.274305 6.549355
1.539033 1.897654 1.934833 2.078864 1.916638 1.768828 2.695289
1.824485 2.578733 2.753746 3.159751 2.958998 2.803956 4.434678
2.973103 3.701298 3.369537 3.452138 2.940032 2.555968 4.855889
5.212065 4.839761 3.799089 3.485423 4.466875 3.949696 4.438685
2.283908 2.655253 2.869291 2.513746 2.625883 2.880186 4.304264
2.533153 3.033738 3.244313 2.729234 2.592296 2.563893 3.842594
3.473414 4.168093 3.208267 2.632131 3.852925 2.754369 4.327519
3.900606 4.195398 3.774259 3.681833 4.153148 3.945150 5.890955
3.128113 3.856100 3.952959 3.361275 3.233938 3.119318 4.080677
2.254103 3.060506 3.756459 3.634220 3.154257 3.594631 4.748000
1.229823 1.664355 2.096285 2.346966 2.181330 2.768592 3.377362
2.093668 2.843789 3.063964 2.856636 1.984274 2.248744 3.673807
3.848976 4.223044 4.656265 4.582116 3.151201 3.533524 5.669091
2.214746 3.063200 2.589577 2.436429 2.674799 1.849206 3.138830
2.938750 3.498517 3.461371 3.396243 2.935318 2.537133 3.692556
2.262690 2.790230 3.381096 3.613532 2.972891 3.233292 5.082642
1.608774 1.917798 1.879668 1.771610 2.439375 2.271807 3.114213
2.348419 2.593462 2.975932 2.482062 2.641302 2.398057 3.718013
3.038275 4.364887 4.676610 4.756159 3.763059 3.729808 6.048305
2.157118 2.969185 3.354725 3.514553 3.262039 4.013968 4.722420
1.820461 2.613152 3.046077 2.937518 2.212167 2.372047 3.887385
2.132912 3.222538 3.234782 2.927996 2.418158 2.987222 4.232955
1.459035 1.655544 1.961934 2.095036 2.399910 2.736759 3.618922
1.570672 2.041230 2.247368 1.819701 1.736264 1.952842 3.068755
2.922472 4.117107 4.811288 4.284344 3.837684 4.728257 6.730050
2.511173 3.808936 4.821268 4.521386 3.043268 3.310807 5.339048
1.515641 2.185038 2.363620 2.174340 1.965620 2.313776 3.593728
2.533366 3.167958 3.107413 3.382159 2.443522 2.984653 4.097971
1.218456 1.771097 2.104737 2.145011 1.759252 2.141898 2.923618
1.114429 1.398354 1.516055 1.517490 1.555023 1.707246 2.181893
4.614579 4.803484 4.080008 4.363553 3.078352 4.389430 4.864998
3.799156 4.586321 4.351973 4.451223 3.551472 2.829612 4.752213
1.901778 3.291083 3.820902 3.397878 2.493075 2.565255 4.823217
4.312257 6.345666 7.383025 8.028258 5.150927 5.191172 8.764895
2.635489 3.543444 3.272545 3.023597 2.945789 3.329818 4.747155
2.604579 3.269575 3.626380 3.222298 2.777505 3.271808 5.068885
1.966087 2.328945 2.382232 2.835607 3.065484 3.318037 4.237751
1.531408 1.916440 2.034201 2.355510 2.606567 3.083435 4.256698
2.372268 3.219042 3.512915 3.496821 3.145613 3.571457 5.353392
1.516367 2.268730 2.685055 2.591319 2.699689 2.805235 4.550314
2.396225 3.972273 4.282388 4.647615 3.973073 3.929287 6.032233
3.789498 4.732600 6.087671 6.300598 4.536773 4.669614 7.221915
3.663768 4.166425 4.661487 4.141710 3.438669 3.930382 5.110005
2.458988 3.626130 3.977384 3.593715 3.280196 4.032833 5.767187
3.685143 5.054642 4.272566 4.198766 4.629400 3.595433 5.940534
4.456060 5.866341 5.324696 5.610311 4.633364 4.420097 7.839479
2.975410 4.711457 4.770198 6.395973 4.700454 4.271491 6.924468
2.711138 3.281355 3.750682 4.051451 3.993254 4.489221 5.823739
4.916321 6.002608 7.611980 6.430315 5.661439 6.562543 7.362521
4.078558 5.434873 5.367235 5.647968 5.198107 4.776065 6.656586
3.318406 4.463602 4.545367 3.640550 2.977460 2.930221 4.741956
5.400911 5.595992 3.897095 4.166431 3.939452 4.654017 6.967493
1.843301 2.453198 2.709602 2.714207 2.372816 2.906629 3.709169
1.341694 1.898584 1.929069 2.066936 1.965249 2.136152 2.761832
1.976512 2.921646 3.222277 3.103337 3.341882 3.049381 4.912034
2.251831 2.734341 3.049298 3.083997 2.888990 2.776754 5.378561
3.556297 4.917680 3.992175 3.632478 3.532239 3.480646 4.666877
2.454020 3.544422 4.522049 4.383233 2.993221 3.361819 5.307076
3.793941 3.789398 4.124915 4.003388 5.618676 5.994315 6.201798
3.147454 3.793817 3.673316 2.794391 3.291764 2.654842 4.064275
3.745588 4.642064 3.683306 3.014911 4.384348 3.062118 4.888174
3.872537 4.833940 4.827047 4.738215 4.351522 4.480665 7.453110
3.223945 3.534621 4.258382 3.711499 2.956804 2.786957 4.230413
2.405260 3.575220 2.857809 2.932896 2.816323 3.648708 4.528011
2.185994 2.318052 2.273322 2.674648 2.592389 3.213351 4.460567
1.614450 2.347249 2.820005 2.680362 2.346373 2.458273 3.569876
2.309385 2.736872 3.122750 2.976173 2.413798 2.535058 3.890976
2.447225 2.941994 2.885103 2.375946 2.586843 3.114294 4.291631
3.766185 4.808458 4.671507 4.900380 3.926466 3.794972 5.766368
4.480973 5.332561 5.224364 5.444980 4.953662 4.413508 6.853796
2.159517 2.751485 2.800979 2.842073 2.632000 3.235163 4.885742
1.711447 1.990909 2.079079 2.355579 2.234003 2.704096 3.366183
3.321269 3.581718 3.681577 4.008611 2.972414 3.271879 5.567673
1.927197 2.704995 2.785377 2.795946 2.872987 2.999634 4.360591
2.476762 3.314379 3.780639 3.442983 2.593385 3.304567 4.827948
2.740458 3.781943 3.913071 3.918595 3.123172 4.189450 5.142061
3.485475 3.764599 3.568642 3.625446 4.435932 5.414487 6.268660
1.937774 2.574882 2.905857 2.514514 2.164252 2.278529 3.772633
3.522431 3.905780 3.879316 3.739312 4.286510 4.598327 6.407116
3.661905 4.525874 4.936028 4.834497 4.431749 3.904606 6.512298
1.306911 1.614667 1.857052 2.026440 2.338803 3.139305 3.808115
1.551515 2.055142 2.420130 2.638988 2.696726 2.901726 3.902517
2.697067 3.118543 3.921742 3.639746 3.749311 4.259632 5.844595
2.617453 2.477616 2.509706 2.500200 2.481863 3.095314 4.287563
2.396225 3.972273 4.282388 4.647616 3.973073 3.929287 6.032233
3.789497 4.732600 6.087670 6.300597 4.536773 4.669616 7.221915
2.237783 2.858366 2.995597 3.466832 3.295855 3.678373 5.108796
2.152242 2.642625 2.809551 2.086678 2.119979 2.335080 3.872205
1.892883 2.626865 2.396415 2.257839 2.543280 3.107063 4.124339
2.610321 3.557445 3.641074 2.726543 2.493238 3.033915 3.896068
3.217919 3.953312 4.585544 4.845530 3.730827 3.528677 5.472865
4.435586 5.094711 4.855117 4.988457 4.933536 4.890871 6.361163
2.246752 2.984147 3.241516 3.726186 3.609695 3.697051 5.376303
3.170636 3.717816 3.587940 3.289322 3.142191 3.538437 5.335737
3.217919 3.953312 4.585544 4.845530 3.730827 3.528677 5.472865
4.435586 5.094711 4.855117 4.988457 4.933536 4.890871 6.361163
3.811783 3.809881 4.637403 4.230060 4.301809 3.923470 5.090104
2.118933 2.344508 2.618777 2.896406 3.101807 3.653299 4.269082
2.186888 4.618072 5.744131 4.720962 5.098640 4.839399 7.121309
1.806786 3.056915 3.489647 3.528041 3.115797 3.770100 5.668293
4.114100 4.893770 4.983476 5.742126 4.730189 5.077303 8.235693
4.361155 5.542949 6.602481 7.556629 6.080306 6.401195 7.451067
3.454728 4.929610 5.737572 5.211490 4.116580 6.462873 6.753209
3.413341 4.063194 4.295337 4.745750 4.436063 4.635786 6.684777
4.381121 6.293183 7.143570 5.445719 5.861821 4.139173 7.050373
5.674681 6.560240 6.466791 6.433541 6.078195 5.374181 8.733360
4.538490 4.967277 5.784817 6.845714 5.771307 4.576120 7.641599
3.575306 3.868261 4.154555 4.406547 4.269028 4.406187 5.775984
7.587110 9.407032 10.692247 11.114677 7.680961 6.371223 11.932986
8.345538 9.710354 9.596921 7.568608 8.104257 6.887686 9.296245
5.349798 5.805451 5.500138 5.282732 4.212473 3.330876 6.123399
7.836623 8.562878 6.704117 103.679396 8.336762 8.423298 8.830747
2.398253 2.653391 3.404572 3.369790 3.215667 3.645341 4.702796
1.910145 2.334644 2.551684 2.691219 2.740377 3.035880 4.060889
3.534037 4.052031 4.170470 4.184604 3.979560 5.509164 6.586703
4.149021 5.039494 5.578864 5.171070 4.653898 4.402802 6.032152
4.960561 5.934840 6.229436 6.514409 4.695624 5.296397 7.118255
4.115381 4.718729 5.338427 5.852325 4.045041 4.723171 6.684766
6.658183 5.129681 4.898378 5.156750 4.931926 4.874867 6.563467
4.661263 5.009366 5.084525 4.603537 4.428642 5.221723 6.518193
5.003505 7.628493 6.202324 4.977089 6.939549 4.476615 6.684095
4.589836 5.825507 6.163401 6.472196 6.205647 7.130474 8.835640
4.302981 5.103032 5.371682 5.174701 4.862890 3.556717 6.033585
3.189215 4.310124 4.492079 3.911005 4.112774 4.339044 5.683343
3.529656 3.975660 3.775147 3.590861 4.178897 4.394009 6.243823
2.724389 3.049748 3.037266 3.095437 2.729482 2.711996 4.671024
3.723395 3.822643 3.971427 3.797111 3.210747 3.874811 5.435145
3.984999 4.727502 4.741984 4.291876 4.325517 4.450160 5.883736
6.816955 6.876883 6.489600 6.619906 5.949067 4.464305 8.679566
7.569420 7.640436 6.508583 6.368974 6.314113 6.902964 9.405230
3.594340 3.035379 3.203392 3.612104 3.225427 3.515252 4.879658
2.741171 3.333595 3.375543 2.760266 3.261120 3.716535 4.513440
5.333668 5.266063 4.764654 5.914411 4.861274 5.920158 9.151659
3.495097 4.405453 4.301011 3.907960 4.016649 3.635563 5.466469
3.344977 4.666114 4.341349 4.980170 4.557508 3.934614 6.729124
4.933557 6.728766 6.609253 6.392833 4.499371 4.945371 7.596537
5.122403 5.842833 5.939842 5.725509 8.483925 7.141583 6.512251
3.273239 4.237370 4.452111 4.129484 3.211284 3.102780 5.434817
4.211075 5.098255 4.996897 4.911212 4.736002 5.282255 6.832652
5.362787 6.523653 6.725644 6.840904 6.244853 4.745555 8.435805
2.183858 2.768659 2.744982 2.662435 3.026617 3.861882 4.671530
2.156008 2.939153 2.730646 2.680046 2.909269 3.551284 4.474107
4.581910 4.020036 4.120755 5.006436 5.606522 5.789096 6.947143
3.986566 5.108105 5.198426 5.683672 5.276736 4.786969 7.549917
4.114101 4.893770 4.983476 5.742126 4.730189 5.077303 8.235693
4.361155 5.542949 6.602481 7.556629 6.080306 6.401195 7.451067
3.771479 4.008569 4.114075 4.517201 4.135564 4.293558 6.588547
3.695529 4.216281 4.946362 4.397604 4.154881 3.741199 6.921956
2.672694 3.650798 4.062414 3.959362 3.458675 3.821859 4.621555
3.610361 4.855503 4.423427 3.901867 4.034831 3.834184 5.629259
5.351550 6.077282 5.583088 5.734910 5.060590 4.858582 7.138363
4.629831 5.675506 6.710679 7.984768 7.660062 4.342289 8.065297
4.755472 5.598573 6.273224 5.148421 4.460542 5.260370 6.609850
4.032738 4.884103 5.039356 4.835600 5.688868 7.572715 7.331746
5.351550 6.077282 5.583088 5.734910 5.060590 4.858582 7.138363
4.629831 5.675506 6.710680 7.984768 7.660064 4.342289 8.065297
4.096819 5.905487 5.643168 5.349600 4.968933 4.677826 6.518409
6.321435 7.196710 4.121325 3.877972 4.332439 4.563540 5.377260
3.055739 3.738937 4.400799 4.208405 3.940189 4.289561 6.895223
3.923814 3.991211 4.504461 4.656535 3.764774 4.432879 6.097863
4.854491 4.630619 5.540222 5.648242 5.276281 6.753590 8.689929
4.386856 6.406670 7.121567 8.505011 7.420449 7.872063 8.319200
6.095678 5.964680 6.091251 5.860435 5.143196 4.725555 6.595848
3.995178 4.213151 5.038955 3.994269 4.292859 4.226483 5.824227
5.853388 6.626164 7.459089 6.858521 8.209607 5.612308 7.321584
7.468615 8.371726 7.383388 6.326009 6.807627 4.893884 9.542137
6.523809 5.807295 6.483497 6.594958 6.619002 4.691614 8.894113
6.077941 5.163799 5.995406 5.717969 5.768519 5.917077 8.646998
8.743822 9.695165 11.493999 11.106450 8.392802 9.444110 9.433340
9.565014 11.447092 10.468930 8.336026 14.601875 8.160919 10.578292
6.702287 7.868701 6.181661 6.335496 5.362526 6.441016 7.850951
9.820032 11.125385 10.228775 9.049181 9.599235 11.839785 10.174890
3.191544 3.841079 3.695942 4.011874 3.701511 4.165629 5.336950
2.631430 3.305519 3.445157 3.780883 3.572007 4.125590 5.295786
4.834149 5.136424 5.498415 5.497176 4.616481 6.571735 7.349428
4.850192 5.932731 7.053172 7.672858 6.241944 6.363916 8.133204
6.709531 7.998304 8.093535 7.863628 5.811834 5.607532 10.305845
3.874369 5.634916 6.027710 6.777760 4.990011 4.599018 7.519318
8.983975 6.421418 13.537440 6.409023 11.806628 10.966853 7.756744
7.376693 6.846019 6.748794 5.885452 5.095957 5.807572 7.146652
5.235254 5.933675 6.318660 6.435272 6.241009 5.174504 8.122508
6.767350 6.487190 5.890015 5.290032 6.198594 8.041883 8.575717
5.820593 5.796551 5.248645 5.975679 6.580042 4.434030 6.597754
4.801380 5.997650 5.443636 5.279838 5.137624 4.909814 6.979078
4.441231 5.416049 4.922447 4.859291 6.791843 5.087573 7.749512
4.391527 4.484816 4.091388 3.873915 3.617525 3.389170 5.315793
4.781857 4.878948 7.016982 7.035911 7.344417 4.468897 7.438769
5.685667 7.257823 7.840898 6.860561 73.479132 4.893733 7.131002
9.708070 11.581232 7.491833 7.633740 10.294094 8.088013 11.096867
7.673574 7.369048 7.516490 7.410295 68.672800 7.899506 9.708922
4.763683 3.634288 3.535028 4.321293 4.310903 3.829160 5.311700
2.913214 4.096851 3.579649 3.208411 3.515135 4.278801 5.115932
7.477817 7.298756 6.692312 5.657507 7.151859 6.839547 10.399912
4.346511 4.540848 4.370869 3.890137 4.371030 4.053191 6.205581
4.633419 5.422231 6.114341 5.442210 4.650257 6.027453 8.026409
5.068577 6.063780 10.079380 88.849844 9.586123 5.579570 8.172627
10.050137 6.976622 7.880970 9.070821 9.141589 6.921898 6.562153
4.709652 5.525096 6.018785 6.543283 4.237823 4.427268 7.732349
5.067714 6.655013 6.299311 6.411649 5.828664 6.091002 7.437746
6.705565 7.718972 8.051616 8.078337 6.879311 5.933842 9.644695
2.854552 3.811562 4.007638 3.721638 3.578217 4.296231 5.763551
2.543558 3.510420 3.441221 2.907859 3.329446 3.678316 5.047119
4.790912 5.513216 4.964517 6.437308 6.803559 7.374219 8.438386
5.173396 6.303745 5.293157 6.310119 8.412032 8.031201 9.431595
4.854495 4.630620 5.540222 5.648242 9.837269 6.753589 8.689929
4.386856 6.406670 7.121567 8.505011 7.420449 7.872063 8.319201
13.254689 7.935917 5.940469 4.983413 5.672570 6.278878 6.508441
3.542161 4.679076 4.868102 5.244487 5.401570 4.101342 7.390200
3.619823 4.760070 3.893803 3.863276 3.636270 3.990910 6.016962
4.935941 5.933600 5.333969 4.654694 4.457760 5.687488 6.985494
7.337915 7.531793 6.551992 7.225289 6.404059 5.300563 8.204963
5.956189 7.026387 7.830455 8.256131 8.517870 5.935915 9.873390
6.541091 7.445461 7.528676 6.672018 7.075934 6.840343 8.036926
6.804756 6.507133 6.350074 5.669408 6.486739 10.460389 8.238257
7.337913 7.531792 6.551990 7.225289 6.404058 5.300563 8.204959
5.956189 7.026387 7.830455 8.256131 8.517870 5.935915 9.873390
4.151818 5.023849 6.838670 5.457277 5.516788 5.303878 8.269494
4.209924 5.731461 6.612459 5.433349 5.815012 5.668207 6.765429
4.103989 4.302765 5.229044 5.325299 4.769860 6.550397 7.047433
3.243927 3.853852 3.886619 4.218588 4.238261 4.896858 6.368740
6.298972 6.490945 5.898313 6.354935 6.817821 20.844505 9.167380
5.188116 8.086490 6.553745 9.589611 7.281112 7.319758 8.594448
10.408884 8.818790 7.701595 6.178857 9.422785 8.011405 7.041364
5.578166 5.602414 4.379393 3.917128 3.696365 4.875537 5.770099
7.922688 7.258143 8.784538 6.545924 8.070540 7.049151 9.738922
12.847739 9.768055 8.001426 7.163256 9.078212 5.860395 8.138968
8.948313 8.540622 8.434669 6.243750 8.028541 5.608348 9.254865
8.073274 9.775559 5.931145 8.322602 6.341666 8.591900 12.455135
12.027800 11.702878 11.695802 13.502249 11.483596 11.651168 10.528831
10.344721 15.055513 12.184232 13.068305 13.171153 8.627041 11.177649
7.128807 8.730566 7.440877 8.443275 7.572514 5.675337 9.005816
12.196382 13.468342 13.199387 10.150711 12.166966 12.731013 10.015443
3.728386 4.936460 4.567264 5.380411 6.050721 4.233935 6.954567
3.113119 3.273006 3.076432 3.499281 3.554074 3.713856 4.953002
5.608784 5.696589 6.053057 6.562179 5.100807 8.106637 8.445206
6.181235 6.032808 6.647044 8.121755 6.730895 6.588554 9.352441
7.235993 9.871635 9.335016 8.315406 7.943346 6.329634 10.508403
6.469839 5.783855 11.126472 70.805525 6.640108 4.923718 8.142581
9.201515 7.886411 7.807099 9.800180 12.945345 12.160880 8.050985
8.935770 9.101392 9.117816 8.836538 7.462802 6.615500 10.065412
7.641044 8.257325 7.379439 6.177064 6.515590 6.107588 9.753504
7.160531 6.827177 6.946491 5.505620 6.541563 5.212260 9.618523
6.718318 7.615377 7.876342 6.688107 7.474681 6.222868 8.472654
6.816382 9.637047 6.481411 5.949540 6.143947 5.045308 7.480673
6.048711 7.323232 7.471702 5.871516 4.697719 6.398643 6.140306
5.113951 5.789111 5.137035 4.499930 4.182708 4.345922 6.428004
4.821408 5.762275 6.965373 6.606032 5.140020 4.905395 7.518667
9.539522 8.232048 10.485420 13.579471 11.659542 42.771265 18.943833
12.121941 14.096852 10.403002 9.517729 10.582629 10.098746 10.229810
9.764690 11.302495 10.802519 12.369815 48.593076 15.252542 13.392266
3.845451 3.448275 3.106245 3.659711 3.746567 4.132234 5.636544
3.548405 4.446707 3.775585 3.489142 3.640055 4.431552 6.379685
8.251897 7.608042 12.443376 7.581527 7.539343 5.838913 10.767097
4.368162 5.369189 5.469197 4.700188 5.405914 4.214752 6.808214
6.835582 7.456154 9.455983 9.507782 6.337377 8.543508 9.926449
6.792546 6.407394 7.270435 8.051305 12.461722 5.758112 7.754756
9.428222 9.652091 9.870812 8.485129 9.175627 9.737827 6.978959
4.094482 5.704115 6.809139 6.708522 5.869580 5.455560 8.819662
6.141677 7.027066 7.304645 6.916850 7.708175 8.373972 9.898765
8.437662 8.609505 8.189458 7.604035 7.036159 9.299538 10.202035
3.523042 4.153783 4.846460 7.877066 5.173061 5.337749 6.605411
2.887459 3.666821 3.659981 3.204416 3.611932 4.238287 5.410928
6.452389 6.833111 5.863795 6.916229 6.992568 6.706744 8.205907
9.279717 7.417091 6.738316 6.928963 5.141781 5.053880 7.317485
6.298972 6.490945 5.898313 6.354935 8.656511 10.188608 9.167380
5.188115 8.086489 6.553746 9.589612 7.281112 7.319758 8.594448
5.850860 10.463185 9.915564 8.807823 5.307065 7.375778 6.109848
4.302998 5.494615 4.694703 5.440671 5.796634 5.139828 6.993830
4.768418 6.063632 4.670720 5.195916 4.886939 4.709967 6.919273
5.091694 6.986736 6.591753 5.346241 5.928783 6.103436 6.607045
9.218816 8.644366 7.986890 6.783496 8.037301 7.592158 9.390820
8.888283 8.816470 9.660111 8.888544 10.103427 6.409101 10.990189
5.884931 7.267460 7.667820 6.925835 6.789789 7.037716 8.312142
8.262849 7.765694 7.253139 6.254577 5.937177 10.504279 8.454406
9.218816 8.644366 7.986890 6.783496 8.037301 7.592158 9.390820
8.888286 8.816470 9.660111 8.888544 10.103427 6.409101 10.990189
6.331172 6.192700 5.527381 5.819571 5.480660 5.331025 7.165794
5.723933 6.461958 6.574514 5.339359 7.326184 7.348044 6.690741
4.460630 6.221562 6.241259 5.574568 5.113618 4.598727 7.567934
5.259182 6.237372 5.524388 5.294495 6.223704 6.211763 5.923971
10.713035 11.098164 11.540088 12.823023 11.498717 9.509407 10.482671
8.839434 8.108611 9.096211 9.962513 9.028527 6.139425 11.385619
10.102580 9.344170 8.958648 10.889875 9.140469 68.535034 18.563380
9.047106 8.714348 8.879202 8.374242 13.605285 14.094456 8.196627
52.621487 85.264786 15.464009 8.452005 5.264924 4.204229 7.155773
13.111445 18.573935 10.377556 9.735865 10.255978 9.831729 12.433864
11.435771 13.478027 12.440270 10.256337 8.849473 6.691686 11.907404
9.824493 10.738123 16.656350 8.063023 12.088630 13.274360 8.288596
13.905517 13.922021 9.679256 13.499163 10.577587 9.828696 12.673732
17.629199 15.136413 14.491927 15.111834 15.010769 11.223067 13.042189
16.573279 13.599398 16.663577 14.074256 28.791326 34.508387 14.089223
17.995739 18.059403 18.597569 18.271480 14.285637 104.114357 9.915286
6.356467 5.601299 5.305497 5.914537 5.723129 5.521192 8.708682
4.552461 5.847092 3.994128 3.806401 4.853777 4.825073 5.816902
10.234887 10.711177 9.955705 10.095257 8.505523 7.130626 9.357190
12.426479 11.560396 8.845063 9.491073 9.122887 6.927442 11.624907
9.948450 11.654746 10.373397 8.890316 21.986937 7.253147 11.530817
6.182622 8.080632 8.522587 8.780546 8.779552 5.606129 10.410182
14.642419 13.400651 27.293055 141.073378 16.760902 6.440890 8.666134
17.382810 15.976868 17.237801 15.470464 10.370203 13.916656 11.248500
11.185531 11.025092 34.370839 9.994666 9.825394 8.282598 8.585972
10.445014 10.938482 10.465958 10.526309 13.532545 5.892260 10.734239
9.348501 12.560872 10.236853 10.354610 11.865759 8.672231 11.010805
9.120569 8.445332 7.004343 7.538545 6.834138 7.441193 9.370250
7.616961 5.270300 3.998954 4.846297 4.642945 4.458752 5.566322
6.870258 7.872964 6.430280 5.923935 5.821109 4.280100 7.877569
7.447019 7.810519 8.106315 6.923578 6.695171 8.259793 6.207558
27.575920 10.825464 7.398667 9.125394 11.489359 14.200875 66.535682
15.790610 16.517991 13.781663 10.631401 7.153089 6.874790 8.432505
14.436254 15.800714 14.960283 8.935890 8.808846 9.255605 8.350111
5.923242 7.698280 6.862601 5.552779 5.732278 11.302324 6.564999
4.312606 5.211084 4.913177 5.620468 5.458676 5.118059 7.358483
12.760341 12.476766 19.006388 10.562490 8.977770 6.077044 8.551787
6.485882 7.521844 5.719208 6.032096 7.187323 5.749165 8.955774
8.193326 8.892941 11.708052 10.517170 9.585125 58.229057 11.256511
11.539939 11.198085 7.690219 18.095885 12.178770 9.625251 9.161517
65.916403 6.271801 4.565618 4.475790 4.553669 4.162276 6.955593
9.321729 10.003697 8.174130 7.265318 8.080804 5.965356 9.993600
12.398800 11.973497 9.656417 9.076707 12.908435 14.627840 13.692461
13.678510 12.464748 11.634453 12.719997 9.627287 8.014429 12.229313
5.339953 5.958807 7.326095 7.043151 5.838602 5.215813 7.846077
4.780446 5.744622 5.162401 4.782430 4.504600 5.838411 6.036965
9.069374 11.076288 12.803225 74.185291 8.745217 5.648591 8.001880
4.815535 6.638590 6.158130 6.254518 6.599024 6.368413 8.270274
10.713035 11.098164 11.540089 12.823023 11.498717 9.509406 10.482672
8.839434 8.108611 9.096211 9.962513 9.028527 6.139425 11.385618
7.000416 6.687534 6.870135 8.397632 5.690023 5.055864 7.529901
9.608025 8.771746 7.101235 6.065099 5.451431 6.653540 10.000266
8.529528 9.399515 7.373092 7.046565 84.328773 6.807824 7.892011
9.781575 10.390628 10.674113 11.196303 7.584988 7.803976 10.283867
14.217374 14.844294 15.132751 12.376631 13.014268 14.269170 12.623608
17.098431 15.978817 12.531088 12.689266 13.558140 9.761684 11.070326
8.175509 7.487587 8.071045 12.599592 7.594340 7.549872 12.130567
6.861802 7.538959 7.009876 6.867877 12.568100 5.982831 7.297434
14.217374 14.844294 15.132750 12.376630 13.014268 14.269171 12.623607
17.098431 15.978817 12.531088 12.689266 13.558140 9.761684 11.070326
9.837726 50.872789 26.159386 7.623009 7.501122 5.242558 7.549819
7.221881 7.567940 6.969991 7.116339 5.988327 4.822569 6.551372
11.472627 10.957214 15.954110 7.321785 7.539507 7.615517 68.677049
10.470405 11.869556 100.250852 7.461944 6.055939 7.011681 8.625841
16.510586 13.727897 12.738456 14.212247 12.034508 6.881493 11.715273
15.565013 15.989461 10.530170 13.379808 14.915692 6.932236 11.724846
8.606939 7.233520 8.439909 7.631238 4.561189 9.152018 9.386995
4.395675 5.388175 5.985552 5.801322 5.337712 4.749283 7.751553
16.512574 11.730731 8.857275 8.876041 8.980887 10.302671 13.100127
20.988186 15.585337 12.115176 11.901461 14.467972 97.893797 14.821793
14.613886 13.697531 12.260599 17.207491 11.429665 9.430763 12.328304
9.018770 18.600698 9.174777 4.772101 4.791631 4.827329 5.887205
17.556054 14.300176 13.389347 13.141648 14.561152 10.556865 17.213921
19.330233 15.632309 17.640727 15.418541 14.445124 11.984777 13.162935
21.635361 17.303686 14.169875 12.767427 13.636825 9.334820 13.126044
23.067806 21.545259 19.519354 16.202163 12.291296 11.068631 11.349521
8.236076 6.270647 5.366504 6.085072 6.499705 98.126234 9.224656
6.794503 7.077102 6.544584 5.688983 4.495928 5.141005 5.602811
14.238523 13.864013 14.369892 9.269837 7.408165 5.381005 11.394868
16.652020 12.767484 12.120112 9.344636 8.569951 16.930469 11.395090
15.835677 17.904199 21.940108 72.107800 13.525278 9.631149 11.671687
12.420136 12.266660 10.078063 10.702615 116.088733 13.380504 9.868182
19.894328 15.419897 16.812278 19.198691 12.211384 9.232197 8.950026
19.178753 22.144489 22.655549 19.639330 14.753263 10.977600 13.399435
15.728892 39.217763 62.604965 15.852077 7.685903 10.122096 9.886714
15.597976 15.927448 15.869267 12.562024 11.201711 6.564146 13.361336
17.294200 12.291115 15.268223 13.760121 10.061617 8.074486 11.355711
9.235594 88.859991 6.917142 7.903100 6.195196 5.639633 8.223359
8.912338 6.992566 6.518777 4.440963 5.173951 4.139116 7.764148
5.319420 5.481137 6.654610 5.356449 6.134801 5.561186 6.891532
9.643741 8.098420 7.514258 6.946644 6.590648 6.411179 9.497782
3.843562 4.212179 4.997910 4.861033 3.902048 5.267445 8.035738
24.227030 17.450398 19.495298 18.804601 13.180007 10.822944 15.742606
13.023159 7.578766 7.206983 8.247096 7.835793 5.083357 7.657352
8.322776 7.559394 13.172345 15.768432 13.211560 11.023462 7.881508
5.851473 5.981755 6.490290 5.344561 5.095341 4.912897 7.978532
11.669362 16.301693 16.405716 106.251369 8.478718 4.767058 5.016737
10.810781 13.363469 9.707615 11.751277 9.486922 10.482241 9.862573
11.279320 9.704791 12.742789 23.020718 9.322508 10.168187 11.112664
13.148239 13.502094 14.211172 8.072213 9.043719 5.959147 10.191439
15.564526 9.368171 5.175116 4.607216 6.213061 5.323746 7.551484
12.935240 11.197317 9.897019 113.674319 11.750913 100.626889 10.674918
22.250628 18.811936 12.893192 12.363078 10.643095 75.929224 13.298670
12.870727 12.763235 11.465009 10.509023 9.989727 8.129518 10.981649
5.797443 9.641076 114.132214 9.462261 5.625466 7.620518 6.730362
9.985902 10.344287 11.022699 9.235321 6.524516 6.170253 10.070983
8.356279 10.126296 10.083883 7.437167 9.757300 6.915707 10.164558
6.714260 9.302360 8.370417 7.358866 9.500774 10.092816 8.715667
16.510613 13.727970 12.738246 14.212170 12.028245 6.881433 11.702433
12.433638 11.332293 9.001161 8.383882 16.370223 160.473325 55.233441
14.602395 12.993554 165.666412 15.918874 8.481870 4.365200 10.020660
9.434719 9.788889 9.776831 8.900971 7.199517 8.839626 12.661935
10.027087 12.641997 10.811614 7.960960 9.488097 9.545494 9.811952
12.238497 12.793478 13.485983 13.456543 9.972290 8.090338 11.681327
17.629818 19.128706 20.759043 16.962688 16.559260 11.532051 14.942436
28.234274 28.525874 19.516438 17.086042 16.950516 18.639310 16.661588
6.436824 6.533048 5.499203 4.944152 5.132968 7.759248 5.252052
11.137964 9.137067 7.761676 7.991113 5.599080 5.637151 9.446153
17.629818 19.128706 14.650004 16.563291 14.943465 11.532051 14.942444
28.234274 28.525874 19.516438 17.086042 16.950516 18.639310 16.661588
