0.000050 0.000046 0.000036 0.000037 0.000062 0.000105 0.000593
0.000075 0.000064 0.000066 0.000077 0.000150 0.000261 0.000800
0.000030 0.000036 0.000025 0.000021 0.000027 0.000047 0.000457
0.000044 0.000047 0.000034 0.000037 0.000057 0.000104 0.000603
0.000054 0.000044 0.000034 0.000041 0.000081 0.000143 0.000668
0.000031 0.000037 0.000027 0.000026 0.000039 0.000065 0.000530
0.000029 0.000033 0.000022 0.000020 0.000024 0.000051 0.000414
0.000062 0.000055 0.000048 0.000069 0.000131 0.000250 0.000821
0.000031 0.000043 0.000030 0.000029 0.000044 0.000069 0.000574
0.000032 0.000034 0.000025 0.000022 0.000030 0.000074 0.000481
0.000056 0.000080 0.000056 0.000073 0.000146 0.000219 0.000858
0.000038 0.000043 0.000029 0.000033 0.000055 0.000073 0.000664
0.000057 0.000071 0.000054 0.000071 0.000138 0.000119 0.000836
0.000042 0.000045 0.000030 0.000035 0.000053 0.000085 0.000663
0.000045 0.000053 0.000037 0.000043 0.000070 0.000126 0.000680
0.000077 0.000067 0.000050 0.000071 0.000115 0.000217 0.000911
0.000057 0.000071 0.000054 0.000071 0.000138 0.000119 0.000836
0.000042 0.000045 0.000030 0.000035 0.000053 0.000085 0.000663
0.000029 0.000038 0.000026 0.000026 0.000036 0.000080 0.000513
0.000088 0.000074 0.000057 0.000082 0.000141 0.000209 0.000958
0.000057 0.000059 0.000040 0.000047 0.000093 0.000127 0.000714
0.000045 0.000049 0.000032 0.000038 0.000060 0.000092 0.000669
0.000037 0.000041 0.000028 0.000027 0.000038 0.000067 0.000512
0.000046 0.000048 0.000041 0.000051 0.000082 0.000155 0.000746
0.000072 0.000058 0.000044 0.000060 0.000103 0.000169 0.000855
0.000055 0.000051 0.000041 0.000054 0.000092 0.000170 0.000753
0.000038 0.000041 0.000028 0.000024 0.000038 0.000055 0.000484
0.000029 0.000032 0.000021 0.000017 0.000018 0.000022 0.000338
0.000031 0.000043 0.000030 0.000029 0.000044 0.000069 0.000574
0.000032 0.000034 0.000025 0.000022 0.000030 0.000074 0.000481
0.000037 0.000044 0.000029 0.000026 0.000044 0.000056 0.000520
0.000069 0.000073 0.000051 0.000066 0.000133 0.000182 0.000814
0.000035 0.000040 0.000027 0.000024 0.000035 0.000056 0.000497
0.000050 0.000049 0.000033 0.000033 0.000060 0.000094 0.000608
0.000048 0.000057 0.000041 0.000051 0.000088 0.000167 0.000700
0.000030 0.000032 0.000023 0.000019 0.000019 0.000031 0.000384
0.000031 0.000041 0.000027 0.000026 0.000040 0.000059 0.000591
0.000048 0.000046 0.000036 0.000041 0.000062 0.000114 0.000628
0.000031 0.000030 0.000022 0.000017 0.000016 0.000022 0.000332
0.000029 0.000037 0.000025 0.000019 0.000029 0.000032 0.000417
0.000054 0.000044 0.000034 0.000041 0.000081 0.000143 0.000668
0.000031 0.000037 0.000027 0.000026 0.000039 0.000065 0.000530
0.000079 0.000070 0.000054 0.000076 0.000139 0.000214 0.000898
0.000029 0.000035 0.000023 0.000019 0.000023 0.000027 0.000371
0.000033 0.000039 0.000026 0.000022 0.000034 0.000050 0.000476
0.000040 0.000043 0.000031 0.000029 0.000047 0.000078 0.000570
0.000031 0.000037 0.000025 0.000020 0.000027 0.000034 0.000432
0.000029 0.000036 0.000026 0.000022 0.000028 0.000045 0.000481
0.000054 0.000044 0.000034 0.000041 0.000081 0.000143 0.000668
0.000031 0.000037 0.000027 0.000026 0.000039 0.000065 0.000530
0.000084 0.000086 0.000071 0.000082 0.000171 0.000278 0.000893
0.000046 0.000051 0.000034 0.000042 0.000072 0.000095 0.000706
0.000038 0.000041 0.000028 0.000024 0.000038 0.000055 0.000484
0.000029 0.000032 0.000021 0.000017 0.000018 0.000022 0.000338
0.000032 0.000029 0.000021 0.000018 0.000019 0.000034 0.000376
0.000030 0.000035 0.000023 0.000018 0.000025 0.000024 0.000377
0.000033 0.000039 0.000026 0.000022 0.000034 0.000050 0.000476
0.000040 0.000043 0.000031 0.000029 0.000047 0.000078 0.000570
0.000037 0.000044 0.000029 0.000026 0.000044 0.000056 0.000520
0.000069 0.000073 0.000051 0.000066 0.000133 0.000182 0.000814
0.000036 0.000039 0.000027 0.000025 0.000033 0.000053 0.000522
0.000043 0.000044 0.000032 0.000033 0.000069 0.000135 0.000630
0.000045 0.000047 0.000034 0.000041 0.000068 0.000125 0.000644
0.000129 0.000176 0.000211 0.000247 0.000450 0.000755 0.001400
0.000050 0.000052 0.000039 0.000042 0.000073 0.000126 0.000651
0.000045 0.000048 0.000035 0.000037 0.000060 0.000109 0.000661
0.000071 0.000102 0.000098 0.000127 0.000253 0.000214 0.001046
0.000059 0.000048 0.000037 0.000053 0.000084 0.000140 0.000797
0.000035 0.000043 0.000031 0.000036 0.000065 0.000097 0.000727
0.000062 0.000065 0.000050 0.000063 0.000107 0.000212 0.000785
0.000050 0.000044 0.000031 0.000032 0.000051 0.000083 0.000636
0.000057 0.000064 0.000059 0.000085 0.000149 0.000283 0.000955
0.000056 0.000050 0.000036 0.000039 0.000069 0.000104 0.000669
0.000048 0.000049 0.000037 0.000043 0.000071 0.000119 0.000639
0.000063 0.000057 0.000045 0.000046 0.000094 0.000140 0.000715
0.000040 0.000044 0.000030 0.000028 0.000047 0.000071 0.000522
0.000057 0.000051 0.000035 0.000042 0.000071 0.000120 0.000708
0.000032 0.000036 0.000026 0.000021 0.000029 0.000041 0.000465
0.000030 0.000036 0.000023 0.000020 0.000025 0.000042 0.000427
0.000030 0.000031 0.000021 0.000019 0.000023 0.000036 0.000385
0.000029 0.000039 0.000027 0.000024 0.000037 0.000074 0.000510
0.000032 0.000038 0.000028 0.000025 0.000033 0.000055 0.000468
0.000070 0.000069 0.000053 0.000065 0.000124 0.000185 0.000829
0.000059 0.000045 0.000038 0.000048 0.000083 0.000141 0.000806
0.000051 0.000047 0.000033 0.000040 0.000062 0.000088 0.000694
0.000037 0.000039 0.000028 0.000030 0.000068 0.000121 0.000622
0.000043 0.000042 0.000029 0.000029 0.000045 0.000066 0.000572
0.000060 0.000055 0.000040 0.000043 0.000080 0.000128 0.000680
0.000031 0.000043 0.000028 0.000025 0.000042 0.000052 0.000490
0.000030 0.000035 0.000024 0.000020 0.000025 0.000039 0.000440
0.000035 0.000043 0.000031 0.000036 0.000065 0.000097 0.000727
0.000062 0.000065 0.000050 0.000063 0.000107 0.000212 0.000785
0.000053 0.000055 0.000044 0.000049 0.000091 0.000153 0.000748
0.000112 0.000157 0.000122 0.000165 0.000325 0.000452 0.001111
0.000038 0.000043 0.000031 0.000033 0.000049 0.000098 0.000577
0.000121 0.000105 0.000105 0.000140 0.000278 0.000349 0.001154
0.000102 0.000113 0.000093 0.000116 0.000230 0.000380 0.000987
0.000051 0.000062 0.000041 0.000054 0.000096 0.000147 0.000780
0.000098 0.000098 0.000078 0.000096 0.000201 0.000302 0.000961
0.000039 0.000045 0.000030 0.000028 0.000050 0.000071 0.000562
0.000034 0.000041 0.000029 0.000029 0.000050 0.000078 0.000541
0.000070 0.000053 0.000048 0.000075 0.000148 0.000284 0.000855
0.000045 0.000052 0.000034 0.000038 0.000074 0.000103 0.000654
0.000080 0.000082 0.000068 0.000079 0.000165 0.000257 0.000904
0.000043 0.000043 0.000032 0.000032 0.000054 0.000084 0.000586
0.000051 0.000049 0.000041 0.000054 0.000092 0.000178 0.000711
0.000077 0.000069 0.000055 0.000067 0.000129 0.000200 0.000839
0.000044 0.000041 0.000028 0.000028 0.000039 0.000056 0.000563
0.000070 0.000069 0.000053 0.000065 0.000124 0.000185 0.000829
0.000059 0.000045 0.000038 0.000048 0.000083 0.000141 0.000806
0.000055 0.000054 0.000040 0.000043 0.000081 0.000128 0.000672
0.000070 0.000058 0.000058 0.000075 0.000130 0.000254 0.000800
0.000053 0.000055 0.000044 0.000049 0.000091 0.000153 0.000748
0.000112 0.000157 0.000122 0.000165 0.000325 0.000452 0.001111
0.000031 0.000033 0.000024 0.000019 0.000021 0.000033 0.000389
0.000035 0.000043 0.000029 0.000026 0.000043 0.000059 0.000507
0.000098 0.000098 0.000078 0.000096 0.000201 0.000302 0.000961
0.000039 0.000045 0.000030 0.000028 0.000050 0.000071 0.000562
0.000098 0.000098 0.000078 0.000096 0.000201 0.000302 0.000961
0.000039 0.000045 0.000030 0.000028 0.000050 0.000071 0.000562
0.000105 0.000077 0.000074 0.000096 0.000186 0.000355 0.000951
0.000058 0.000047 0.000035 0.000036 0.000063 0.000111 0.000657
0.000051 0.000053 0.000039 0.000045 0.000077 0.000141 0.000679
0.000035 0.000040 0.000028 0.000024 0.000035 0.000057 0.000500
0.000136 0.000102 0.000109 0.000187 0.000299 0.000385 0.001306
0.000138 0.000075 0.000079 0.000143 0.000464 0.000600 0.001260
0.000054 0.000053 0.000038 0.000040 0.000076 0.000113 0.000656
0.000045 0.000042 0.000029 0.000028 0.000045 0.000065 0.000567
0.000055 0.000049 0.000035 0.000055 0.000144 0.000217 0.000822
0.000054 0.000065 0.000043 0.000053 0.000106 0.000116 0.000730
0.000074 0.000068 0.000048 0.000063 0.000123 0.000245 0.000873
0.000045 0.000053 0.000034 0.000041 0.000069 0.000084 0.000702
0.000056 0.000053 0.000046 0.000053 0.000093 0.000180 0.000775
0.000060 0.000054 0.000040 0.000046 0.000082 0.000147 0.000741
0.000036 0.000047 0.000029 0.000032 0.000050 0.000080 0.000638
0.000065 0.000054 0.000039 0.000062 0.000108 0.000154 0.000879
0.000063 0.000054 0.000041 0.000054 0.000095 0.000145 0.000842
0.000080 0.000096 0.000097 0.000150 0.000280 0.000493 0.001229
0.000044 0.000042 0.000032 0.000038 0.000063 0.000111 0.000601
0.000055 0.000051 0.000043 0.000048 0.000088 0.000157 0.000675
0.000093 0.000078 0.000075 0.000122 0.000239 0.000325 0.001018
0.000085 0.000059 0.000047 0.000117 0.000395 0.000490 0.001099
0.000030 0.000040 0.000026 0.000022 0.000035 0.000062 0.000514
0.000031 0.000033 0.000023 0.000022 0.000035 0.000056 0.000468
0.000052 0.000047 0.000035 0.000037 0.000061 0.000102 0.000642
0.000058 0.000057 0.000044 0.000053 0.000119 0.000229 0.000789
0.000086 0.000073 0.000062 0.000069 0.000140 0.000226 0.000827
0.000044 0.000042 0.000028 0.000025 0.000042 0.000056 0.000515
0.000066 0.000064 0.000059 0.000073 0.000129 0.000258 0.000828
0.000136 0.000159 0.000119 0.000175 0.000316 0.000490 0.001137
0.000107 0.000103 0.000094 0.000113 0.000230 0.000382 0.000996
0.000068 0.000070 0.000049 0.000065 0.000126 0.000167 0.000810
0.000093 0.000078 0.000075 0.000122 0.000239 0.000325 0.001018
0.000085 0.000059 0.000047 0.000117 0.000395 0.000490 0.001099
0.000068 0.000073 0.000053 0.000069 0.000138 0.000198 0.000863
0.000066 0.000060 0.000042 0.000054 0.000103 0.000191 0.000774
0.000049 0.000052 0.000038 0.000046 0.000095 0.000148 0.000688
0.000142 0.000097 0.000110 0.000184 0.000325 0.000601 0.001152
0.000105 0.000077 0.000074 0.000096 0.000186 0.000355 0.000951
0.000058 0.000047 0.000035 0.000036 0.000063 0.000111 0.000657
0.000034 0.000046 0.000031 0.000032 0.000063 0.000120 0.000630
0.000043 0.000044 0.000032 0.000032 0.000049 0.000088 0.000581
0.000099 0.000100 0.000087 0.000112 0.000215 0.000380 0.001038
0.000103 0.000058 0.000053 0.000087 0.000181 0.000301 0.001035
0.000133 0.000139 0.000120 0.000145 0.000307 0.000475 0.001124
0.000172 0.000138 0.000168 0.000204 0.000386 0.000655 0.001202
0.000065 0.000054 0.000043 0.000048 0.000092 0.000145 0.000729
0.000066 0.000069 0.000060 0.000075 0.000136 0.000237 0.000858
0.000154 0.000110 0.000108 0.000131 0.000273 0.000435 0.001069
0.000077 0.000075 0.000056 0.000081 0.000162 0.000283 0.000903
0.000154 0.000110 0.000108 0.000131 0.000273 0.000435 0.001069
0.000077 0.000075 0.000056 0.000081 0.000162 0.000283 0.000903
0.000093 0.000094 0.000092 0.000113 0.000217 0.000406 0.001018
0.000046 0.000046 0.000030 0.000036 0.000056 0.000089 0.000671
0.000084 0.000086 0.000080 0.000090 0.000184 0.000302 0.000918
0.000150 0.000078 0.000067 0.000098 0.000203 0.000348 0.001027
0.000038 0.000037 0.000029 0.000030 0.000052 0.000086 0.000561
0.000040 0.000049 0.000031 0.000032 0.000060 0.000080 0.000605
0.000045 0.000050 0.000038 0.000043 0.000069 0.000138 0.000705
0.000163 0.000174 0.000160 0.000214 0.000418 0.000548 0.001199
0.000030 0.000047 0.000031 0.000032 0.000056 0.000098 0.000660
0.000036 0.000038 0.000027 0.000031 0.000061 0.000095 0.000624
0.000043 0.000051 0.000036 0.000048 0.000076 0.000098 0.000764
0.000128 0.000123 0.000105 0.000137 0.000278 0.000274 0.001123
0.000174 0.000204 0.000231 0.000251 0.000479 0.000762 0.001395
0.000129 0.000127 0.000110 0.000133 0.000282 0.000412 0.001096
0.000532 0.000175 0.000177 0.000450 0.000886 0.001133 0.002685
0.000210 0.000085 0.000110 0.000250 0.000732 0.000845 0.001594
0.000075 0.000086 0.000066 0.000082 0.000172 0.000256 0.000896
0.000266 0.000221 0.000246 0.000276 0.000533 0.000822 0.001552
0.000149 0.000137 0.000151 0.000198 0.000346 0.000568 0.001197
0.000060 0.000044 0.000034 0.000038 0.000059 0.000094 0.000583
0.000397 0.000196 0.000189 0.000335 0.000639 0.000864 0.001667
0.000126 0.000122 0.000105 0.000162 0.000298 0.000525 0.001117
0.000067 0.000072 0.000054 0.000112 0.000216 0.000350 0.001108
0.000202 0.000177 0.000180 0.000282 0.000423 0.000811 0.001465
0.000218 0.000190 0.000217 0.000254 0.000494 0.000734 0.001367
0.000362 0.000225 0.000261 0.000405 0.000598 0.001012 0.002014
0.000104 0.000107 0.000117 0.000150 0.000277 0.000506 0.001085
0.000112 0.000128 0.000109 0.000140 0.000257 0.000459 0.001035
0.000060 0.000062 0.000044 0.000050 0.000099 0.000159 0.000747
0.000038 0.000052 0.000033 0.000038 0.000066 0.000067 0.000621
0.000174 0.000204 0.000231 0.000251 0.000479 0.000762 0.001395
0.000129 0.000127 0.000110 0.000133 0.000282 0.000412 0.001096
0.000106 0.000101 0.000113 0.000137 0.000266 0.000466 0.001002
0.000125 0.000122 0.000147 0.000162 0.000332 0.000549 0.001077
0.000075 0.000070 0.000062 0.000077 0.000138 0.000263 0.000830
0.000068 0.000093 0.000074 0.000099 0.000198 0.000170 0.000979
0.000090 0.000082 0.000071 0.000109 0.000178 0.000316 0.000941
0.000140 0.000168 0.000233 0.000372 0.000544 0.000873 0.002084
0.000183 0.000123 0.000112 0.000157 0.000288 0.000540 0.001155
0.000053 0.000059 0.000048 0.000060 0.000102 0.000208 0.000815
0.000202 0.000097 0.000104 0.000154 0.000256 0.000373 0.001208
0.000307 0.000424 0.000427 0.000550 0.000850 0.001175 0.002343
0.000273 0.000354 0.000395 0.000470 0.000743 0.001248 0.002512
0.000444 0.000432 0.000490 0.000594 0.000907 0.001393 0.002773
0.000079 0.000068 0.000088 0.000115 0.000201 0.000372 0.000954
0.000125 0.000136 0.000122 0.000153 0.000326 0.000385 0.001135
0.000099 0.000067 0.000052 0.000072 0.000175 0.000256 0.000996
0.000089 0.000099 0.000081 0.000104 0.000216 0.000340 0.001031
0.000043 0.000048 0.000034 0.000050 0.000099 0.000156 0.000815
0.000203 0.000148 0.000152 0.000186 0.000379 0.000595 0.001265
0.000204 0.000274 0.000306 0.000359 0.000604 0.000995 0.001944
0.000079 0.000066 0.000052 0.000064 0.000119 0.000213 0.000815
0.000297 0.000479 0.000452 0.000609 0.000906 0.001335 0.002534
0.000132 0.000084 0.000070 0.000250 0.000664 0.000783 0.001420
0.000121 0.000091 0.000125 0.000156 0.000299 0.000512 0.001040
0.000065 0.000078 0.000068 0.000082 0.000147 0.000250 0.000836
0.000043 0.000051 0.000036 0.000048 0.000076 0.000098 0.000764
0.000128 0.000123 0.000105 0.000137 0.000278 0.000274 0.001123
0.000160 0.000187 0.000190 0.000226 0.000430 0.000679 0.001245
0.000038 0.000045 0.000029 0.000029 0.000050 0.000070 0.000593
0.000221 0.000225 0.000188 0.000330 0.000476 0.000900 0.001665
0.000045 0.000050 0.000036 0.000054 0.000141 0.000244 0.000756
0.000153 0.000166 0.000170 0.000192 0.000388 0.000621 0.001217
0.000076 0.000074 0.000056 0.000076 0.000146 0.000213 0.000889
0.000114 0.000102 0.000101 0.000127 0.000247 0.000430 0.000991
0.000094 0.000078 0.000083 0.000114 0.000258 0.000434 0.001049
0.000147 0.000136 0.000134 0.000199 0.000348 0.000433 0.001352
0.000185 0.000097 0.000086 0.000129 0.000208 0.000388 0.000994
0.000278 0.000434 0.000287 0.000578 0.000735 0.001206 0.002331
0.000880 0.000545 0.000363 0.000822 0.001385 0.001691 0.003932
0.000446 0.000184 0.000265 0.000524 0.001013 0.001404 0.002743
0.000233 0.000172 0.000224 0.000334 0.000611 0.001005 0.001845
0.000300 0.000346 0.000321 0.000390 0.000679 0.000959 0.001841
0.000212 0.000190 0.000206 0.000300 0.000542 0.000802 0.001589
0.000604 0.000461 0.000507 0.000639 0.000977 0.001427 0.002651
0.000503 0.000242 0.000212 0.000520 0.001400 0.001561 0.002908
0.000430 0.000342 0.000403 0.000482 0.000770 0.001208 0.002345
0.000281 0.000421 0.000453 0.000544 0.000788 0.001335 0.002679
0.000430 0.000342 0.000403 0.000482 0.000770 0.001208 0.002345
0.000281 0.000421 0.000453 0.000544 0.000788 0.001335 0.002679
0.000334 0.000163 0.000265 0.000369 0.000550 0.001002 0.001902
0.000151 0.000093 0.000118 0.000138 0.000280 0.000471 0.001018
0.000204 0.000219 0.000209 0.000242 0.000499 0.000695 0.001381
0.000080 0.000089 0.000072 0.000089 0.000173 0.000310 0.000930
0.000069 0.000066 0.000048 0.000058 0.000113 0.000163 0.000795
0.000234 0.000163 0.000149 0.000208 0.000376 0.000498 0.001314
0.000210 0.000244 0.000263 0.000335 0.000538 0.000914 0.001736
0.000305 0.000295 0.000251 0.000345 0.000600 0.000880 0.001715
0.000728 0.000474 0.000370 0.000536 0.000849 0.001200 0.002305
0.000278 0.000145 0.000232 0.000568 0.001371 0.001311 0.002511
0.000195 0.000151 0.000124 0.000266 0.000700 0.000779 0.001368
0.001025 0.000859 0.000937 0.001742 0.002711 0.004738 0.008846
0.000046 0.000061 0.000043 0.000062 0.000114 0.000170 0.000874
0.000065 0.000052 0.000037 0.000063 0.000117 0.000176 0.000881
0.000509 0.000407 0.000400 0.000775 0.001038 0.001571 0.003151
0.000084 0.000077 0.000063 0.000142 0.000257 0.000547 0.001008
0.000420 0.000390 0.000427 0.000513 0.000819 0.001238 0.002293
0.000237 0.000271 0.000250 0.000278 0.000572 0.000743 0.001486
0.000140 0.000178 0.000153 0.000205 0.000392 0.000599 0.001226
0.000366 0.000245 0.000296 0.000369 0.000610 0.000973 0.001916
0.000105 0.000109 0.000089 0.000160 0.000280 0.000524 0.001055
0.000256 0.000272 0.000190 0.000332 0.000503 0.000722 0.001433
0.000394 0.000248 0.000241 0.000297 0.000536 0.000855 0.001574
0.000094 0.000100 0.000088 0.000111 0.000226 0.000370 0.001022
0.000102 0.000089 0.000083 0.000107 0.000229 0.000386 0.001055
0.000108 0.000107 0.000102 0.000131 0.000241 0.000408 0.001009
0.000210 0.000244 0.000263 0.000335 0.000538 0.000914 0.001736
0.000305 0.000295 0.000251 0.000345 0.000600 0.000880 0.001715
0.000326 0.000160 0.000257 0.000295 0.000555 0.000867 0.001550
0.000116 0.000118 0.000106 0.000141 0.000291 0.000396 0.001153
0.000934 0.000413 0.000335 0.000660 0.001454 0.001897 0.005283
0.000500 0.000156 0.000367 0.000739 0.001390 0.001459 0.002783
0.000058 0.000059 0.000050 0.000059 0.000113 0.000206 0.000798
0.000216 0.000220 0.000194 0.000248 0.000492 0.000723 0.001374
0.000062 0.000062 0.000051 0.000093 0.000142 0.000234 0.000885
0.000334 0.000167 0.000188 0.000242 0.000402 0.000697 0.001338
0.000681 0.000479 0.000555 0.001093 0.001478 0.002038 0.004063
0.000176 0.000150 0.000161 0.000218 0.000399 0.000660 0.001297
0.000276 0.000286 0.000365 0.000405 0.000645 0.000944 0.001876
0.000114 0.000057 0.000055 0.000071 0.000138 0.000242 0.000837
0.000103 0.000098 0.000097 0.000115 0.000233 0.000386 0.001023
0.000168 0.000177 0.000168 0.000187 0.000395 0.000603 0.001202
0.000466 0.000363 0.000401 0.000463 0.000761 0.001158 0.002266
0.000133 0.000127 0.000119 0.000149 0.000308 0.000421 0.001155
0.000168 0.000120 0.000105 0.000152 0.000270 0.000489 0.001108
0.000376 0.000371 0.000292 0.000434 0.000668 0.001075 0.002100
0.000509 0.000407 0.000400 0.000775 0.001038 0.001571 0.003151
0.000084 0.000077 0.000063 0.000142 0.000257 0.000547 0.001008
0.000536 0.000532 0.000597 0.000925 0.001218 0.001868 0.003238
0.000259 0.000189 0.000188 0.000244 0.000444 0.000615 0.001390
0.000275 0.000157 0.000158 0.000239 0.000371 0.000484 0.001114
0.000933 0.000297 0.000335 0.000555 0.001138 0.001410 0.002643
0.001742 0.001427 0.001480 0.002057 0.002598 0.004092 0.007579
0.000583 0.000342 0.000396 0.000584 0.001007 0.001473 0.003372
0.000329 0.000302 0.000431 0.000506 0.000787 0.001303 0.002587
0.000346 0.000371 0.000477 0.000620 0.000922 0.001435 0.002596
0.000519 0.000477 0.000565 0.000805 0.001098 0.001755 0.003233
0.000831 0.000948 0.001077 0.001688 0.002288 0.002978 0.006505
0.000398 0.000290 0.000305 0.000366 0.000617 0.000949 0.001850
0.001194 0.000830 0.001256 0.001702 0.002195 0.003774 0.006627
0.000319 0.000332 0.000365 0.000439 0.000776 0.001101 0.002499
0.000468 0.000776 0.000989 0.001979 0.002854 0.005197 0.009157
0.000662 0.000497 0.000619 0.000833 0.001255 0.001725 0.003014
0.000284 0.000095 0.000107 0.000150 0.000312 0.000526 0.001130
0.000393 0.000257 0.000347 0.000363 0.000631 0.000935 0.001806
0.000609 0.000536 0.000627 0.000807 0.001167 0.001453 0.002723
0.000393 0.000257 0.000347 0.000363 0.000631 0.000935 0.001806
0.000609 0.000536 0.000627 0.000807 0.001167 0.001453 0.002723
0.000173 0.000092 0.000095 0.000127 0.000340 0.000461 0.001089
0.000634 0.001214 0.001318 0.001967 0.002383 0.002637 0.005925
0.000206 0.000217 0.000228 0.000255 0.000517 0.000789 0.001445
0.000560 0.000732 0.001351 0.002336 0.003115 0.005851 0.010410
0.000114 0.000100 0.000077 0.000107 0.000211 0.000345 0.001011
0.000792 0.000422 0.000511 0.000733 0.001018 0.001647 0.002956
0.000124 0.000074 0.000075 0.000112 0.000365 0.000536 0.001111
0.000718 0.000327 0.000355 0.000465 0.000755 0.001217 0.002565
0.000691 0.000245 0.000316 0.000383 0.000674 0.000905 0.001735
0.000179 0.000138 0.000136 0.000226 0.000348 0.000607 0.001272
0.000141 0.000099 0.000113 0.000151 0.000313 0.000417 0.001145
0.001525 0.001010 0.001282 0.001777 0.002229 0.003964 0.007669
0.000411 0.000513 0.000534 0.000707 0.001010 0.001440 0.002762
0.000790 0.000792 0.000987 0.001331 0.001694 0.002153 0.004017
0.000563 0.000416 0.000527 0.000708 0.000957 0.001490 0.002917
0.000208 0.000152 0.000173 0.000266 0.000427 0.000760 0.001419
0.000988 0.000592 0.000733 0.001150 0.001530 0.002286 0.004796
0.000173 0.000180 0.000170 0.000201 0.000420 0.000583 0.001305
0.000312 0.000374 0.000416 0.000471 0.000779 0.001238 0.002453
0.000965 0.000800 0.001085 0.001442 0.001824 0.002484 0.004750
0.000249 0.000272 0.000246 0.000299 0.000594 0.000687 0.001454
0.000387 0.000314 0.000307 0.000349 0.000664 0.000989 0.001917
0.000623 0.000575 0.000538 0.000808 0.001086 0.001574 0.003145
0.000773 0.000721 0.000799 0.001557 0.001976 0.002814 0.005631
0.000085 0.000115 0.000093 0.000131 0.000284 0.000324 0.001172
0.000141 0.000102 0.000084 0.000141 0.000299 0.000355 0.001203
0.000641 0.000573 0.000662 0.000850 0.001213 0.001729 0.003031
0.000167 0.000215 0.000204 0.000238 0.000488 0.000567 0.001400
0.001164 0.000961 0.000991 0.002616 0.004611 0.004335 0.010204
0.000333 0.000216 0.000291 0.000365 0.000713 0.000950 0.001879
0.000105 0.000115 0.000093 0.000154 0.000252 0.000381 0.001164
0.000771 0.000666 0.000775 0.001025 0.001402 0.001942 0.003554
0.000270 0.000235 0.000249 0.000271 0.000553 0.000738 0.001520
0.000148 0.000139 0.000114 0.000148 0.000299 0.000434 0.001138
0.000421 0.000194 0.000209 0.000348 0.000723 0.000956 0.002109
0.000793 0.000802 0.000856 0.001202 0.001517 0.001911 0.003764
0.000093 0.000094 0.000065 0.000118 0.000349 0.000538 0.001169
0.001835 0.001021 0.001096 0.001634 0.002337 0.003493 0.007207
0.000802 0.000656 0.000787 0.001040 0.001411 0.001851 0.003150
0.000771 0.000519 0.000588 0.000796 0.001146 0.001684 0.003216
0.000991 0.001045 0.001368 0.001788 0.002185 0.003315 0.006227
0.000924 0.000713 0.000955 0.001245 0.001696 0.002353 0.004719
0.001685 0.001058 0.001549 0.001965 0.002457 0.004428 0.007863
0.000644 0.000560 0.000541 0.000775 0.001119 0.001605 0.003217
0.001458 0.001262 0.001713 0.002687 0.003310 0.005758 0.010378
0.000785 0.000547 0.000430 0.000849 0.001231 0.001323 0.002898
0.000868 0.000974 0.001584 0.002037 0.002744 0.004507 0.007550
0.001130 0.000808 0.000754 0.001416 0.002178 0.002994 0.005903
0.000531 0.000231 0.000319 0.000427 0.000730 0.000925 0.001991
0.001536 0.000871 0.000856 0.001334 0.001997 0.002396 0.004481
0.000990 0.000666 0.000928 0.001334 0.001749 0.002366 0.004833
0.001130 0.001009 0.001388 0.002239 0.002771 0.005479 0.009390
0.000889 0.000347 0.000392 0.000770 0.001411 0.001434 0.002747
0.001141 0.000965 0.001047 0.001538 0.001737 0.002343 0.004526
0.000398 0.000386 0.000387 0.000515 0.000830 0.001222 0.002355
0.000557 0.000976 0.001842 0.003160 0.004067 0.007948 0.013381
0.000542 0.000642 0.000677 0.000922 0.001238 0.001621 0.003195
0.000322 0.000325 0.000273 0.000341 0.000638 0.000903 0.001728
0.000431 0.000420 0.000381 0.000520 0.000820 0.001253 0.002443
0.000447 0.000355 0.000359 0.000423 0.000745 0.001128 0.002184
0.000853 0.000548 0.000746 0.001058 0.001414 0.002087 0.004046
0.001158 0.000992 0.001438 0.001895 0.002237 0.003946 0.006980
0.002153 0.001432 0.002096 0.002457 0.003263 0.005112 0.007794
0.000159 0.000152 0.000189 0.000205 0.000417 0.000503 0.001324
0.000215 0.000182 0.000198 0.000267 0.000527 0.000707 0.001389
0.002183 0.001229 0.001630 0.002124 0.002936 0.005113 0.008524
0.000669 0.000540 0.000536 0.000736 0.001065 0.001456 0.002651
0.001111 0.001197 0.001739 0.002087 0.002588 0.005305 0.008686
0.000408 0.000700 0.001066 0.001469 0.001868 0.002833 0.005458
0.000197 0.000161 0.000206 0.000279 0.000414 0.000710 0.001542
0.000420 0.000405 0.000411 0.000529 0.000839 0.001227 0.002286
0.000581 0.000606 0.000756 0.001084 0.001426 0.002129 0.004267
0.000480 0.000145 0.000157 0.000307 0.000678 0.000864 0.001407
0.000907 0.001867 0.001929 0.003417 0.004165 0.004630 0.008988
0.000898 0.000942 0.001281 0.001626 0.002001 0.002962 0.005744
0.000454 0.000525 0.000509 0.000699 0.000970 0.001367 0.002739
0.001199 0.000411 0.000417 0.000650 0.000925 0.001482 0.002960
0.000402 0.000492 0.000498 0.000709 0.000964 0.001546 0.003095
0.000593 0.000274 0.000322 0.000513 0.000850 0.001307 0.002627
0.000996 0.000965 0.001263 0.001699 0.002043 0.003083 0.005861
0.001186 0.001061 0.001660 0.002104 0.002632 0.004688 0.008129
0.000210 0.000153 0.000129 0.000183 0.000339 0.000558 0.001175
0.000936 0.000938 0.001290 0.001887 0.002509 0.004099 0.008104
0.001998 0.001131 0.001268 0.002181 0.002893 0.003825 0.008085
0.000675 0.000719 0.000937 0.001294 0.001658 0.002411 0.004957
0.000815 0.000535 0.000652 0.000940 0.001237 0.001858 0.003615
0.000729 0.001057 0.001485 0.001987 0.002404 0.004194 0.007045
0.000465 0.000445 0.000527 0.000704 0.000984 0.001623 0.003217
0.001458 0.001262 0.001713 0.002687 0.003310 0.005758 0.010378
0.000785 0.000547 0.000430 0.000849 0.001231 0.001323 0.002898
0.001566 0.000946 0.001100 0.001538 0.001892 0.003228 0.006451
0.000308 0.000277 0.000285 0.000321 0.000624 0.000886 0.001684
0.000732 0.000529 0.000813 0.001240 0.001594 0.002299 0.004770
0.000653 0.000633 0.000967 0.001291 0.001677 0.002400 0.004591
0.000964 0.000425 0.000665 0.000837 0.001106 0.001752 0.003942
0.000894 0.001027 0.001246 0.001703 0.002020 0.002577 0.005189
0.000892 0.000858 0.001010 0.001967 0.002774 0.003335 0.007284
0.000424 0.000487 0.000383 0.000628 0.001069 0.001304 0.002433
0.000964 0.000425 0.000665 0.000837 0.001106 0.001752 0.003942
0.000894 0.001027 0.001246 0.001703 0.002020 0.002577 0.005189
0.002023 0.001430 0.001892 0.002360 0.002682 0.005375 0.009858
0.001929 0.001566 0.001819 0.002214 0.002771 0.004411 0.010604
0.001305 0.000987 0.001611 0.002949 0.003332 0.006572 0.012508
0.001512 0.001105 0.001540 0.002495 0.003117 0.004007 0.009722
0.002185 0.001955 0.002530 0.003752 0.004664 0.007599 0.017389
0.001601 0.001272 0.001679 0.002196 0.003661 0.004415 0.008111
0.001057 0.001893 0.002837 0.004780 0.005731 0.010400 0.019643
0.003010 0.001493 0.001731 0.002733 0.003126 0.005123 0.009526
0.001853 0.000951 0.000894 0.001647 0.001606 0.002232 0.005022
0.003229 0.002348 0.002653 0.002965 0.004186 0.007858 0.014346
0.002485 0.001222 0.001543 0.002426 0.003844 0.005344 0.010799
0.002517 0.001963 0.002560 0.003767 0.004762 0.006529 0.009331
0.002288 0.001305 0.001312 0.002660 0.006452 0.007914 0.012947
0.001396 0.001973 0.002626 0.003316 0.003774 0.007617 0.013840
0.001373 0.000574 0.000587 0.001065 0.001589 0.002294 0.004857
0.000997 0.002085 0.002236 0.003436 0.003406 0.005165 0.008572
0.001581 0.001577 0.002060 0.002526 0.003254 0.006364 0.010420
0.001168 0.000688 0.000881 0.001161 0.001538 0.002029 0.004105
0.000962 0.001190 0.001355 0.002370 0.002987 0.005808 0.010462
0.001366 0.000868 0.001047 0.001721 0.002359 0.003402 0.006386
0.001523 0.001177 0.001400 0.002856 0.004279 0.004561 0.010676
0.002239 0.001286 0.002034 0.003056 0.003426 0.005792 0.011628
0.003380 0.005061 0.002041 0.005425 0.005701 0.005751 0.016854
0.000592 0.000296 0.000362 0.000649 0.000815 0.001112 0.002412
0.001262 0.000460 0.000628 0.000913 0.001407 0.001844 0.003315
0.002083 0.001253 0.001991 0.002996 0.003582 0.004626 0.012517
0.001565 0.001142 0.001488 0.002017 0.002597 0.003791 0.007423
0.002077 0.001195 0.002028 0.002692 0.003001 0.006594 0.011202
0.001494 0.001492 0.002160 0.002878 0.003071 0.007281 0.013064
0.000496 0.000451 0.000465 0.000605 0.000934 0.001267 0.002645
0.001000 0.001023 0.001502 0.002167 0.002679 0.003784 0.007737
0.001390 0.001142 0.001566 0.002440 0.002865 0.006329 0.010359
0.001711 0.000587 0.000651 0.000921 0.002173 0.002908 0.005186
0.001434 0.005565 0.004524 0.004336 0.006257 0.011156 0.018397
0.001279 0.001352 0.001912 0.002422 0.002766 0.005909 0.009735
0.001635 0.001532 0.001946 0.002422 0.002749 0.004888 0.011364
0.007875 0.001489 0.001443 0.003569 0.004457 0.004645 0.010908
0.000855 0.000934 0.001272 0.001699 0.002048 0.003515 0.006700
0.001415 0.000644 0.000576 0.001316 0.002197 0.002720 0.005524
0.005363 0.001852 0.001542 0.002726 0.003010 0.004004 0.008329
0.006632 0.002425 0.003305 0.004991 0.004915 0.012053 0.022014
0.000373 0.000262 0.000309 0.000473 0.000680 0.000967 0.002038
0.001231 0.001096 0.001905 0.002857 0.003661 0.006601 0.013757
0.001734 0.001920 0.001919 0.003083 0.003714 0.006543 0.011070
0.001247 0.001104 0.001905 0.002889 0.003107 0.004981 0.010667
0.001944 0.001695 0.001850 0.002226 0.002872 0.005285 0.011311
0.001762 0.002123 0.003107 0.003872 0.004948 0.010164 0.017322
0.005400 0.001861 0.001938 0.002503 0.003079 0.005814 0.010165
0.002185 0.001955 0.002530 0.003752 0.004664 0.007599 0.017389
0.001601 0.001272 0.001679 0.002196 0.003661 0.004415 0.008111
0.009048 0.001593 0.001549 0.002713 0.002953 0.003919 0.007290
0.001181 0.000660 0.000570 0.001127 0.001806 0.002977 0.006274
0.001264 0.001388 0.001671 0.002263 0.002652 0.004060 0.009597
0.001293 0.001318 0.002095 0.003193 0.003870 0.007785 0.013178
0.001792 0.001400 0.001986 0.002534 0.002932 0.006056 0.010880
0.001703 0.001778 0.001991 0.002808 0.003315 0.006477 0.012045
0.002594 0.001586 0.001852 0.002956 0.003775 0.006502 0.012826
0.001502 0.000833 0.001165 0.001593 0.001922 0.002359 0.005434
0.001792 0.001400 0.001986 0.002534 0.002932 0.006056 0.010880
0.001703 0.001778 0.001991 0.002808 0.003315 0.006477 0.012045
0.001658 0.001424 0.002070 0.003519 0.003790 0.008623 0.014336
0.009037 0.002223 0.002122 0.003775 0.004372 0.006730 0.010625
0.002841 0.001809 0.002148 0.003402 0.003975 0.006901 0.014081
0.002139 0.002272 0.002717 0.003161 0.004041 0.008358 0.015292
0.002899 0.002169 0.002762 0.003320 0.005140 0.009052 0.017525
0.002211 0.001850 0.002290 0.003328 0.004248 0.006646 0.011017
0.001401 0.002302 0.002238 0.004192 0.003985 0.005502 0.009409
0.007235 0.002015 0.002248 0.002696 0.003620 0.007033 0.012419
0.002526 0.001335 0.001479 0.002647 0.003766 0.004166 0.008196
0.011936 0.003284 0.002388 0.003697 0.004555 0.008802 0.014167
0.002610 0.001438 0.001999 0.002696 0.004674 0.005433 0.012422
0.011161 0.001772 0.001973 0.004473 0.005249 0.009626 0.018163
0.002187 0.001241 0.001816 0.002870 0.007958 0.006876 0.014735
0.002416 0.003040 0.004217 0.006423 0.007563 0.008767 0.025420
0.001539 0.000918 0.001140 0.001665 0.002817 0.003445 0.006643
0.007591 0.002091 0.002036 0.003814 0.005399 0.008689 0.021954
0.002291 0.002854 0.003590 0.003646 0.004285 0.009676 0.018182
0.002921 0.001780 0.002450 0.002687 0.003360 0.006887 0.012127
0.001877 0.001859 0.002176 0.004211 0.004982 0.008516 0.018006
0.001381 0.001148 0.001117 0.002398 0.005391 0.004947 0.011973
0.009639 0.001407 0.001146 0.003343 0.004278 0.004512 0.007987
0.001865 0.002377 0.003891 0.004021 0.004580 0.010456 0.018663
0.002909 0.004889 0.003764 0.008858 0.009901 0.009400 0.031978
0.000687 0.000508 0.000636 0.000949 0.001221 0.001804 0.003918
0.002135 0.001022 0.001127 0.001933 0.002537 0.003462 0.007233
0.005389 0.001700 0.001564 0.003262 0.003735 0.006272 0.011949
0.001467 0.001520 0.002370 0.002957 0.003365 0.007209 0.013302
0.003026 0.001731 0.002292 0.003450 0.004389 0.008505 0.016533
0.002491 0.002430 0.002925 0.004062 0.005306 0.007493 0.019414
0.001569 0.001059 0.001456 0.001929 0.002460 0.003654 0.007426
0.006640 0.008165 0.002369 0.005719 0.007639 0.010442 0.021333
0.004950 0.005846 0.002244 0.003034 0.003633 0.005782 0.016247
0.002493 0.001349 0.001463 0.002195 0.004959 0.004793 0.010746
0.002090 0.002829 0.004432 0.006224 0.005314 0.008796 0.021154
0.002118 0.001948 0.002292 0.002952 0.003719 0.006383 0.012640
0.002345 0.001929 0.001827 0.002264 0.002829 0.005079 0.011269
0.004417 0.002305 0.002724 0.003708 0.004548 0.009240 0.015502
0.000817 0.001407 0.002082 0.003292 0.004068 0.008397 0.013516
0.001687 0.001159 0.001718 0.002687 0.003824 0.004365 0.009487
0.002477 0.003117 0.003229 0.004642 0.006745 0.007703 0.019732
0.002500 0.018803 0.006639 0.006782 0.005348 0.011364 0.042882
0.000668 0.000513 0.000582 0.001030 0.001641 0.002023 0.004774
0.001487 0.001715 0.002644 0.003782 0.004058 0.006340 0.014800
0.004163 0.001871 0.001549 0.003524 0.005341 0.008445 0.016529
0.001105 0.001022 0.002018 0.003317 0.003409 0.005693 0.012599
0.001752 0.001832 0.002311 0.002662 0.003359 0.006587 0.011497
0.002678 0.001682 0.002239 0.002873 0.003186 0.005398 0.013002
0.002599 0.001752 0.001967 0.003408 0.003882 0.005132 0.014058
0.002899 0.002169 0.003238 0.005225 0.006230 0.009944 0.022255
0.002211 0.001850 0.002290 0.003328 0.004248 0.006646 0.011017
0.010808 0.002045 0.002288 0.005089 0.004349 0.005491 0.008586
0.001770 0.000811 0.000937 0.001807 0.003032 0.004943 0.009079
0.000735 0.001757 0.002163 0.002751 0.003405 0.007042 0.011461
0.001038 0.002224 0.002751 0.004301 0.005756 0.009737 0.019831
0.027211 0.002005 0.002019 0.005100 0.004490 0.006626 0.012300
0.008349 0.002059 0.001952 0.004831 0.004450 0.005178 0.011345
0.002620 0.002311 0.002148 0.003469 0.004160 0.008375 0.016415
0.002839 0.001764 0.001980 0.002512 0.003191 0.005989 0.010642
0.027211 0.002005 0.002019 0.005100 0.004490 0.006626 0.012300
0.008349 0.002059 0.001952 0.004831 0.004450 0.005178 0.011345
0.001949 0.001575 0.002095 0.004335 0.005963 0.010608 0.019260
0.001477 0.001863 0.002388 0.003270 0.003881 0.007638 0.013591
0.009093 0.002034 0.002712 0.004170 0.004596 0.010122 0.019271
0.006049 0.002082 0.002236 0.003580 0.004399 0.005954 0.012852
0.002943 0.009420 0.003641 0.007131 0.008923 0.011600 0.024780
0.002450 0.002781 0.003773 0.004724 0.006280 0.010912 0.020115
0.002162 0.007104 0.004220 0.006570 0.006543 0.011393 0.032622
0.003165 0.001596 0.001952 0.002793 0.003580 0.006870 0.011947
0.008016 0.001794 0.001739 0.003135 0.004407 0.006639 0.012340
0.011036 0.002257 0.003021 0.004516 0.005194 0.008847 0.015841
0.007936 0.002155 0.002560 0.003777 0.005813 0.007328 0.014018
0.019183 0.001916 0.002111 0.004974 0.007248 0.010145 0.020649
0.005211 0.001265 0.002131 0.004329 0.015360 0.009933 0.024365
0.002417 0.002077 0.004464 0.013836 0.012622 0.009860 0.042624
0.001613 0.001132 0.001502 0.002286 0.006941 0.007296 0.013351
0.002232 0.001075 0.001769 0.003345 0.008807 0.008618 0.019718
0.002340 0.001552 0.001981 0.002772 0.003390 0.007186 0.012820
0.003788 0.002178 0.002402 0.003434 0.004049 0.009070 0.013921
0.002979 0.002178 0.002307 0.003763 0.004571 0.008887 0.015762
0.008510 0.002022 0.001773 0.003541 0.004722 0.006505 0.014674
0.003852 0.001840 0.002018 0.003991 0.005770 0.007325 0.014973
0.009003 0.008971 0.002260 0.003539 0.005059 0.007833 0.018474
0.001878 0.001991 0.003070 0.008974 0.010156 0.010545 0.035154
0.001171 0.000958 0.000997 0.001570 0.002143 0.003010 0.006529
0.003030 0.001827 0.001397 0.002302 0.003095 0.004411 0.009268
0.023680 0.002411 0.002066 0.003673 0.004554 0.006570 0.013137
0.004103 0.001820 0.001871 0.003171 0.004463 0.009032 0.016903
0.012872 0.002667 0.002216 0.003979 0.003842 0.005128 0.008388
0.012113 0.002318 0.002395 0.004685 0.004512 0.008324 0.014806
0.001805 0.001779 0.002225 0.003099 0.004089 0.006226 0.012982
0.001676 0.001522 0.001856 0.002862 0.003571 0.006449 0.012851
0.008017 0.072058 0.005034 0.005834 0.010080 0.047860 0.046553
0.004516 0.001975 0.002095 0.003539 0.004901 0.005435 0.012853
0.004554 0.003809 0.006522 0.021513 0.007077 0.051548 0.025040
0.003298 0.001869 0.002393 0.002924 0.003669 0.007714 0.013556
0.000918 0.001522 0.002169 0.002987 0.003531 0.007379 0.013310
0.017221 0.003852 0.001605 0.004443 0.006784 0.009494 0.015764
0.002026 0.001875 0.001673 0.003694 0.003225 0.002361 0.004154
0.009553 0.001531 0.001586 0.003720 0.008334 0.008695 0.013010
0.001521 0.002302 0.003468 0.005588 0.007535 0.009177 0.023115
0.002111 0.001995 0.002100 0.003933 0.004409 0.004763 0.007627
0.001055 0.000764 0.000817 0.001373 0.002528 0.003564 0.007573
0.002445 0.001513 0.003759 0.005639 0.006111 0.008001 0.019716
0.003112 0.001400 0.001474 0.003166 0.004956 0.006546 0.014964
0.001667 0.002203 0.003107 0.005883 0.005908 0.008256 0.020865
0.002132 0.002274 0.002783 0.003016 0.003984 0.008379 0.015027
0.010102 0.002387 0.002455 0.004960 0.004975 0.010487 0.018434
0.021706 0.001901 0.002577 0.003198 0.004573 0.005821 0.016712
0.002943 0.012997 0.004056 0.007132 0.008923 0.011600 0.024780
0.002450 0.002782 0.003773 0.004725 0.006281 0.010912 0.020116
0.016918 0.003554 0.002486 0.007946 0.004750 0.010078 0.015571
0.002171 0.001085 0.001450 0.002649 0.003993 0.005257 0.010046
0.000829 0.002109 0.002602 0.003493 0.004069 0.008995 0.014785
0.001480 0.002739 0.003558 0.005235 0.005994 0.009940 0.024517
0.013901 0.002647 0.002633 0.003913 0.005471 0.009907 0.017488
0.016610 0.002249 0.001626 0.003692 0.004614 0.006610 0.014648
0.003222 0.002985 0.003896 0.004823 0.004666 0.009801 0.019432
0.015837 0.001499 0.001809 0.003764 0.004351 0.005398 0.009962
0.013901 0.002667 0.002633 0.005044 0.005471 0.009907 0.017488
0.016610 0.002249 0.001626 0.003692 0.004614 0.006610 0.014648
0.022454 0.001563 0.001746 0.003640 0.003787 0.005532 0.015226
0.003810 0.002973 0.003397 0.003972 0.004690 0.010623 0.018873
0.002482 0.001970 0.001893 0.003559 0.003777 0.006335 0.011221
0.005703 0.002317 0.002155 0.005262 0.006731 0.008407 0.011125
0.002714 0.002782 0.003580 0.004707 0.006379 0.006895 0.010525
0.003073 0.001717 0.001689 0.004226 0.006992 0.006136 0.012174
0.002317 0.007718 0.003546 0.005727 0.011621 0.534343 0.035309
0.002021 0.001557 0.002526 0.006937 0.016479 0.012640 0.029909
0.018855 0.073065 0.041952 0.018869 0.003322 0.004810 0.010389
0.013947 0.002179 0.003107 0.005969 0.006900 0.005451 0.012949
0.009580 0.004281 0.003287 0.008059 0.010064 0.010608 0.017078
0.021793 0.002931 0.001870 0.005493 0.006788 0.008613 0.017379
0.009661 0.001445 0.003088 0.004035 0.005282 0.006706 0.017006
0.002636 0.002132 0.003566 0.006059 0.009192 0.007787 0.023821
0.003973 0.001823 0.002330 0.004302 0.014374 0.017563 0.022097
0.003525 0.002029 0.003291 0.007046 0.010650 0.005869 0.011884
0.020411 0.002365 0.002169 0.004587 0.005685 0.006627 0.014567
0.012543 0.001927 0.001801 0.004160 0.005422 0.009320 0.014146
0.011067 0.002065 0.001340 0.003690 0.007408 0.009313 0.020999
0.002578 0.002277 0.006384 0.006741 0.011655 0.008042 0.028620
0.006215 0.002133 0.002354 0.005119 0.007540 0.007759 0.015543
0.006073 0.002201 0.002472 0.003478 0.005781 0.009142 0.019311
0.015195 0.002851 0.033945 0.060528 0.203270 0.024454 0.018553
0.002796 0.001302 0.001792 0.003008 0.011935 0.010760 0.018451
0.020063 0.001835 0.004652 0.015271 0.005239 0.004714 0.008827
0.022234 0.001875 0.003109 0.004892 0.005529 0.008247 0.022588
0.006726 0.001693 0.001666 0.003711 0.004524 0.007133 0.012736
0.018793 0.002320 0.002689 0.009021 0.006314 0.005829 0.014200
0.013941 0.001700 0.001994 0.003166 0.003535 0.006364 0.016132
0.015290 0.002416 0.004807 0.004961 0.005110 0.008220 0.015476
0.013537 0.002165 0.001685 0.003037 0.003925 0.009754 0.018534
0.051879 0.002045 0.004458 0.007923 0.005959 0.014044 0.054035
0.001346 0.001610 0.002480 0.006507 0.008016 0.011220 0.016638
0.037962 0.001562 0.002358 0.008992 0.007170 0.005048 0.006804
0.008126 0.121592 0.003292 0.003718 0.009952 0.027353 0.105215
0.001429 0.001628 0.002867 0.004433 0.004800 0.009942 0.019502
0.023466 0.003262 0.002460 0.010395 0.011812 0.008596 0.015340
0.023774 0.002324 0.002267 0.004498 0.005265 0.004726 0.009245
0.001372 0.001438 0.001742 0.004412 0.010097 0.011838 0.025316
0.008267 0.001931 0.005032 0.011806 0.006003 0.011290 0.026788
0.033961 0.002258 0.002576 0.006003 0.003875 0.005151 0.013884
0.012651 0.001813 0.002262 0.004465 0.006357 0.009761 0.019369
0.019594 0.002656 0.002105 0.005780 0.010913 0.011527 0.024503
0.003264 0.001386 0.002487 0.005539 0.015641 0.007329 0.024472
0.007138 0.001401 0.001935 0.003121 0.004060 0.008819 0.014818
0.003440 0.002288 0.002162 0.003332 0.004351 0.006297 0.016054
0.034632 0.001353 0.002219 0.006931 0.005860 0.005551 0.012616
0.003426 0.002291 0.002270 0.003657 0.004049 0.006637 0.010695
0.002714 0.002782 0.003580 0.004707 0.006379 0.006895 0.010525
0.003073 0.001717 0.001689 0.004226 0.006992 0.006136 0.012174
0.002906 0.002123 0.002880 0.003205 0.003552 0.008091 0.013495
0.008053 0.001394 0.001864 0.003919 0.003879 0.006287 0.011365
0.014071 0.002559 0.002514 0.006199 0.008479 0.010559 0.025538
0.029855 0.001866 0.002461 0.008696 0.013709 0.014587 0.027356
0.039604 0.008921 0.003716 0.008857 0.010374 0.011553 0.020413
0.002099 0.001436 0.001919 0.003655 0.006286 0.009070 0.018673
0.262766 0.009962 0.003482 0.139645 0.032743 0.012027 0.059646
0.002478 0.000896 0.002529 0.007566 0.006653 0.006566 0.018208
0.043305 0.009368 0.003717 0.019383 0.021253 0.011552 0.020412
0.002099 0.001436 0.001919 0.003655 0.006286 0.009070 0.018673
0.035704 0.039946 0.034918 0.004800 0.004355 0.010345 0.020360
0.027263 0.002486 0.002597 0.003628 0.004697 0.006458 0.018544
0.135744 0.003957 0.002662 0.094042 0.032517 0.006280 0.018242
0.034707 0.001698 0.002746 0.007571 0.004769 0.004290 0.008717
0.028128 0.004567 0.003050 0.007164 0.009838 0.009474 0.015325
0.014746 0.002791 0.005963 0.006465 0.010801 0.011058 0.019333
0.014303 0.001829 0.001701 0.004415 0.004217 0.007969 0.012699
0.002191 0.002719 0.003486 0.003601 0.004642 0.009761 0.018157
0.035022 0.004845 0.004394 0.006394 0.006775 0.006850 0.026082
0.015965 0.024320 0.003273 0.017901 0.013182 0.010157 0.025691
0.006226 0.002447 0.003750 0.006312 0.010350 0.012484 0.017904
0.016655 0.002414 0.002402 0.004866 0.004863 0.006360 0.010162
0.013039 0.002707 0.004221 0.009145 0.007754 0.009057 0.021140
0.024122 0.002089 0.002910 0.008706 0.013706 0.010978 0.017854
0.004264 0.003607 0.003612 0.008087 0.010863 0.018396 0.030208
0.015102 0.003340 0.003159 0.008054 0.014492 0.008651 0.032212
0.001511 0.001832 0.002296 0.004349 0.006687 0.005844 0.015321
0.007527 0.001568 0.001924 0.004217 0.005676 0.007614 0.010619
0.048347 0.003627 0.003339 0.009833 0.014498 0.010021 0.023612
0.004543 0.002108 0.003319 0.005558 0.011848 0.007671 0.022425
0.011910 0.003370 0.003582 0.006838 0.009651 0.013126 0.024535
0.004743 0.001591 0.003228 0.007241 0.011015 0.013785 0.027254
0.036331 0.004501 0.004437 0.013128 0.021790 0.015794 0.023220
0.003613 0.001589 0.002608 0.005587 0.010703 0.015393 0.024439
0.150745 0.006527 0.017696 0.146338 0.013714 0.008906 0.017025
0.040361 0.001871 0.002967 0.007832 0.010794 0.009376 0.021396
0.011104 0.002149 0.002864 0.008639 0.011980 0.009418 0.017769
0.035220 0.002028 0.001790 0.004211 0.004582 0.007134 0.018184
0.013226 0.001729 0.001661 0.003048 0.003704 0.004024 0.008462
0.004355 0.002485 0.002095 0.003390 0.004515 0.006298 0.016832
0.017682 0.002076 0.002347 0.006353 0.006108 0.006777 0.014191
0.001363 0.001696 0.001747 0.003851 0.006359 0.005674 0.013001
0.007870 0.002903 0.002510 0.005482 0.008296 0.009487 0.013942
0.036466 0.002194 0.003219 0.007201 0.003654 0.002090 0.004201
0.017117 0.002040 0.003767 0.004958 0.004670 0.008324 0.033286
0.004755 0.002348 0.002149 0.004516 0.005373 0.008456 0.012519
0.052042 0.001797 0.005307 0.019617 0.011156 0.006655 0.009115
0.019308 0.003072 0.004298 0.007790 0.007943 0.011787 0.023791
0.055274 0.003139 0.004608 0.013373 0.011747 0.009189 0.060236
0.034743 0.001967 0.002997 0.022446 0.010273 0.006480 0.011198
0.042475 0.001727 0.002629 0.005688 0.005372 0.006492 0.010769
0.018360 0.002517 0.002515 0.005491 0.012215 0.012234 0.030753
0.005360 0.002184 0.002530 0.004068 0.007994 0.009949 0.021644
0.015323 0.001597 0.003255 0.005277 0.005460 0.005662 0.012117
0.019276 0.002116 0.004060 0.007648 0.005000 0.005523 0.009018
0.011523 0.011045 0.003484 0.006407 0.010770 0.009902 0.022409
0.007707 0.001427 0.002009 0.003470 0.005306 0.009112 0.016180
0.001693 0.002170 0.002362 0.003580 0.004235 0.006577 0.016997
0.028128 0.002797 0.003050 0.007164 0.006950 0.009474 0.014631
0.001901 0.001916 0.002405 0.003796 0.020117 0.032857 0.034405
0.037434 0.008838 0.007216 0.014729 0.012306 0.006243 0.015030
0.009434 0.001617 0.001647 0.003983 0.006195 0.008558 0.011115
0.003722 0.001920 0.002399 0.005548 0.009465 0.008780 0.022010
0.009825 0.001765 0.003751 0.003755 0.012235 0.014719 0.027176
0.028426 0.003924 0.006888 0.013895 0.020417 0.015735 0.021234
0.013438 0.002528 0.002978 0.006694 0.009413 0.010549 0.020772
0.000690 0.002144 0.003319 0.004315 0.005296 0.010054 0.015189
0.013946 0.001122 0.001992 0.003946 0.004429 0.006572 0.014897
0.023227 0.003780 0.005967 0.005516 0.005676 0.015735 0.021234
0.013440 0.002525 0.002978 0.006694 0.009420 0.010545 0.020772
