0.000407 0.000557 0.000656 0.000688 0.000720 0.000688 0.000551
0.000653 0.001070 0.001212 0.001238 0.001273 0.001173 0.000696
0.000268 0.000239 0.000272 0.000304 0.000336 0.000328 0.000364
0.000391 0.000525 0.000634 0.000654 0.000705 0.000704 0.000556
0.000458 0.000597 0.000638 0.000654 0.000792 0.000841 0.000590
0.000310 0.000327 0.000299 0.000345 0.000466 0.000490 0.000464
0.000222 0.000212 0.000233 0.000244 0.000275 0.000330 0.000301
0.000553 0.000801 0.000881 0.000932 0.001119 0.001198 0.000705
0.000310 0.000387 0.000458 0.000530 0.000611 0.000555 0.000453
0.000328 0.000266 0.000250 0.000310 0.000380 0.000392 0.000429
0.000594 0.001015 0.001146 0.001188 0.001337 0.001333 0.000855
0.000352 0.000397 0.000443 0.000475 0.000599 0.000682 0.000447
0.000521 0.000894 0.001063 0.001014 0.001013 0.000972 0.000735
0.000374 0.000454 0.000509 0.000592 0.000719 0.000688 0.000568
0.000490 0.000603 0.000726 0.000755 0.000834 0.000852 0.000597
0.000730 0.001069 0.001107 0.001192 0.001394 0.001393 0.000843
0.000521 0.000894 0.001063 0.001014 0.001013 0.000972 0.000735
0.000374 0.000454 0.000509 0.000592 0.000719 0.000688 0.000568
0.000272 0.000270 0.000307 0.000334 0.000395 0.000449 0.000416
0.000756 0.001159 0.001184 0.001274 0.001374 0.001392 0.000905
0.000502 0.000774 0.000881 0.000926 0.000967 0.000875 0.000629
0.000445 0.000574 0.000622 0.000663 0.000760 0.000746 0.000569
0.000351 0.000379 0.000397 0.000416 0.000483 0.000482 0.000451
0.000432 0.000606 0.000704 0.000846 0.001037 0.001067 0.000672
0.000653 0.000929 0.001031 0.001077 0.001203 0.001216 0.000791
0.000507 0.000735 0.000726 0.000852 0.001025 0.001053 0.000674
0.000329 0.000348 0.000381 0.000400 0.000434 0.000419 0.000386
0.000231 0.000207 0.000223 0.000242 0.000242 0.000251 0.000197
0.000310 0.000387 0.000458 0.000530 0.000611 0.000555 0.000453
0.000328 0.000266 0.000250 0.000310 0.000380 0.000392 0.000429
0.000349 0.000400 0.000458 0.000456 0.000483 0.000444 0.000386
0.000623 0.000994 0.001109 0.001165 0.001245 0.001145 0.000763
0.000326 0.000340 0.000359 0.000388 0.000441 0.000434 0.000403
0.000407 0.000602 0.000681 0.000692 0.000710 0.000664 0.000503
0.000489 0.000652 0.000805 0.000919 0.001021 0.000988 0.000672
0.000237 0.000209 0.000240 0.000281 0.000309 0.000301 0.000251
0.000307 0.000351 0.000382 0.000408 0.000492 0.000538 0.000466
0.000417 0.000569 0.000631 0.000677 0.000775 0.000764 0.000578
0.000228 0.000207 0.000187 0.000209 0.000240 0.000266 0.000191
0.000265 0.000263 0.000296 0.000310 0.000322 0.000316 0.000272
0.000458 0.000597 0.000638 0.000654 0.000792 0.000841 0.000590
0.000310 0.000327 0.000299 0.000345 0.000466 0.000490 0.000464
0.000696 0.001092 0.001216 0.001257 0.001403 0.001326 0.000865
0.000237 0.000212 0.000253 0.000265 0.000278 0.000292 0.000218
0.000309 0.000298 0.000339 0.000359 0.000404 0.000388 0.000393
0.000357 0.000441 0.000504 0.000537 0.000569 0.000542 0.000509
0.000283 0.000285 0.000311 0.000330 0.000345 0.000328 0.000304
0.000258 0.000249 0.000288 0.000337 0.000392 0.000363 0.000368
0.000458 0.000597 0.000638 0.000654 0.000792 0.000841 0.000590
0.000310 0.000327 0.000299 0.000345 0.000466 0.000490 0.000464
0.000777 0.001305 0.001474 0.001513 0.001548 0.001416 0.000890
0.000395 0.000585 0.000686 0.000747 0.000859 0.000789 0.000609
0.000329 0.000348 0.000381 0.000400 0.000434 0.000419 0.000386
0.000231 0.000207 0.000223 0.000242 0.000242 0.000251 0.000197
0.000240 0.000197 0.000200 0.000238 0.000248 0.000255 0.000247
0.000246 0.000230 0.000272 0.000285 0.000286 0.000286 0.000227
0.000309 0.000298 0.000339 0.000359 0.000404 0.000388 0.000393
0.000357 0.000441 0.000504 0.000537 0.000569 0.000542 0.000509
0.000349 0.000400 0.000458 0.000456 0.000483 0.000444 0.000386
0.000623 0.000994 0.001109 0.001165 0.001245 0.001145 0.000763
0.000338 0.000335 0.000353 0.000376 0.000438 0.000451 0.000410
0.000398 0.000474 0.000525 0.000553 0.000674 0.000796 0.000517
0.000496 0.000536 0.000617 0.000661 0.000781 0.000792 0.000577
0.001265 0.002240 0.002693 0.002792 0.002864 0.002582 0.001328
0.000442 0.000674 0.000796 0.000822 0.000850 0.000804 0.000578
0.000427 0.000569 0.000661 0.000715 0.000788 0.000770 0.000572
0.000642 0.001290 0.001447 0.001417 0.001489 0.001409 0.000928
0.000563 0.000694 0.000784 0.000855 0.000961 0.000970 0.000708
0.000439 0.000454 0.000480 0.000575 0.000801 0.000823 0.000629
0.000610 0.000944 0.001035 0.001075 0.001199 0.001209 0.000717
0.000444 0.000590 0.000605 0.000593 0.000690 0.000666 0.000547
0.000625 0.000980 0.001131 0.001285 0.001575 0.001637 0.000894
0.000458 0.000683 0.000772 0.000787 0.000833 0.000765 0.000567
0.000421 0.000595 0.000679 0.000734 0.000812 0.000781 0.000588
0.000532 0.000854 0.000965 0.000971 0.000991 0.000899 0.000630
0.000360 0.000418 0.000504 0.000518 0.000534 0.000506 0.000430
0.000473 0.000667 0.000723 0.000800 0.000898 0.000865 0.000616
0.000268 0.000264 0.000321 0.000326 0.000350 0.000327 0.000354
0.000243 0.000239 0.000238 0.000238 0.000310 0.000309 0.000318
0.000251 0.000210 0.000225 0.000249 0.000286 0.000298 0.000253
0.000303 0.000303 0.000343 0.000351 0.000438 0.000465 0.000450
0.000292 0.000281 0.000349 0.000394 0.000441 0.000435 0.000385
0.000646 0.001016 0.001109 0.001181 0.001269 0.001193 0.000806
0.000533 0.000683 0.000745 0.000829 0.001046 0.001078 0.000697
0.000452 0.000577 0.000683 0.000722 0.000808 0.000742 0.000570
0.000390 0.000398 0.000340 0.000416 0.000633 0.000729 0.000565
0.000362 0.000432 0.000478 0.000528 0.000578 0.000544 0.000457
0.000496 0.000785 0.000876 0.000870 0.000902 0.000840 0.000607
0.000300 0.000365 0.000397 0.000417 0.000428 0.000410 0.000402
0.000274 0.000272 0.000286 0.000292 0.000328 0.000310 0.000314
0.000439 0.000454 0.000480 0.000575 0.000801 0.000823 0.000629
0.000610 0.000944 0.001035 0.001075 0.001199 0.001209 0.000717
0.000441 0.000734 0.000900 0.000975 0.001051 0.001001 0.000683
0.001081 0.001771 0.002002 0.002063 0.002199 0.002004 0.001202
0.000351 0.000399 0.000471 0.000517 0.000550 0.000568 0.000518
0.001003 0.001583 0.001745 0.001824 0.001917 0.001866 0.001130
0.000975 0.001568 0.001736 0.001821 0.001868 0.001699 0.001020
0.000546 0.000772 0.000858 0.000947 0.001066 0.001040 0.000707
0.000879 0.001450 0.001611 0.001651 0.001701 0.001552 0.000974
0.000357 0.000417 0.000498 0.000524 0.000564 0.000546 0.000477
0.000346 0.000357 0.000409 0.000437 0.000506 0.000559 0.000503
0.000636 0.000826 0.000896 0.000970 0.001166 0.001247 0.000719
0.000468 0.000576 0.000683 0.000746 0.000797 0.000747 0.000554
0.000739 0.001251 0.001399 0.001450 0.001511 0.001420 0.000886
0.000366 0.000454 0.000543 0.000574 0.000631 0.000633 0.000535
0.000467 0.000722 0.000775 0.000821 0.000963 0.000987 0.000629
0.000673 0.001078 0.001225 0.001254 0.001293 0.001230 0.000804
0.000377 0.000425 0.000423 0.000464 0.000514 0.000486 0.000430
0.000646 0.001016 0.001109 0.001181 0.001269 0.001193 0.000806
0.000533 0.000683 0.000745 0.000829 0.001046 0.001078 0.000697
0.000476 0.000728 0.000851 0.000869 0.000890 0.000826 0.000591
0.000639 0.000972 0.001045 0.001059 0.001188 0.001178 0.000692
0.000441 0.000734 0.000900 0.000975 0.001051 0.001001 0.000683
0.001081 0.001771 0.002002 0.002063 0.002199 0.002004 0.001202
0.000255 0.000245 0.000255 0.000263 0.000294 0.000329 0.000251
0.000338 0.000389 0.000431 0.000439 0.000466 0.000450 0.000404
0.000879 0.001450 0.001611 0.001651 0.001701 0.001552 0.000974
0.000357 0.000417 0.000498 0.000524 0.000564 0.000546 0.000477
0.000879 0.001450 0.001611 0.001651 0.001701 0.001552 0.000974
0.000357 0.000417 0.000498 0.000524 0.000564 0.000546 0.000477
0.000870 0.001319 0.001410 0.001476 0.001658 0.001645 0.000891
0.000493 0.000630 0.000701 0.000725 0.000775 0.000764 0.000568
0.000492 0.000662 0.000807 0.000851 0.000917 0.000881 0.000608
0.000348 0.000355 0.000367 0.000389 0.000448 0.000446 0.000425
0.001051 0.001554 0.001811 0.002039 0.002123 0.002030 0.001265
0.001046 0.001306 0.000996 0.001144 0.002003 0.002443 0.000995
0.000440 0.000700 0.000810 0.000824 0.000834 0.000764 0.000586
0.000380 0.000466 0.000499 0.000524 0.000579 0.000530 0.000422
0.000561 0.000685 0.000637 0.000801 0.001114 0.001268 0.000717
0.000517 0.000840 0.000898 0.000888 0.000940 0.000910 0.000681
0.000683 0.001001 0.001054 0.001138 0.001324 0.001397 0.000798
0.000503 0.000601 0.000658 0.000676 0.000770 0.000740 0.000574
0.000474 0.000745 0.000867 0.000962 0.001096 0.001102 0.000675
0.000526 0.000773 0.000844 0.000901 0.001005 0.000971 0.000669
0.000444 0.000501 0.000490 0.000494 0.000576 0.000624 0.000553
0.000625 0.000816 0.000838 0.000907 0.001147 0.001163 0.000806
0.000647 0.000914 0.000900 0.000974 0.001103 0.001143 0.000759
0.000864 0.001439 0.001675 0.001908 0.002297 0.002385 0.001168
0.000380 0.000446 0.000471 0.000544 0.000657 0.000692 0.000537
0.000472 0.000730 0.000845 0.000875 0.000949 0.000912 0.000614
0.000765 0.001149 0.001419 0.001449 0.001674 0.001697 0.001018
0.000723 0.001013 0.000907 0.001135 0.001806 0.002156 0.000950
0.000268 0.000307 0.000339 0.000319 0.000392 0.000428 0.000442
0.000301 0.000270 0.000252 0.000280 0.000334 0.000382 0.000389
0.000429 0.000634 0.000698 0.000716 0.000761 0.000729 0.000547
0.000562 0.000852 0.000947 0.000969 0.001099 0.001227 0.000728
0.000724 0.001182 0.001314 0.001321 0.001343 0.001243 0.000797
0.000362 0.000417 0.000458 0.000453 0.000477 0.000437 0.000372
0.000626 0.000988 0.001119 0.001200 0.001335 0.001298 0.000755
0.001247 0.001949 0.002102 0.002145 0.002248 0.002124 0.001135
0.000948 0.001548 0.001763 0.001807 0.001868 0.001720 0.001007
0.000610 0.000946 0.001061 0.001129 0.001224 0.001108 0.000754
0.000765 0.001149 0.001419 0.001449 0.001674 0.001697 0.001018
0.000723 0.001013 0.000907 0.001135 0.001806 0.002156 0.000950
0.000632 0.001020 0.001139 0.001202 0.001325 0.001256 0.000812
0.000596 0.000852 0.000900 0.000963 0.001099 0.001136 0.000686
0.000447 0.000658 0.000779 0.000784 0.000833 0.000900 0.000612
0.001130 0.001593 0.001726 0.001934 0.002316 0.002327 0.001087
0.000870 0.001319 0.001410 0.001476 0.001658 0.001645 0.000891
0.000493 0.000630 0.000701 0.000725 0.000775 0.000764 0.000568
0.000376 0.000453 0.000514 0.000571 0.000685 0.000759 0.000565
0.000373 0.000441 0.000516 0.000577 0.000642 0.000628 0.000535
0.000902 0.001447 0.001609 0.001759 0.001916 0.001800 0.001049
0.000851 0.001088 0.001089 0.001251 0.001624 0.001755 0.000927
0.001133 0.001763 0.002001 0.002132 0.002258 0.002051 0.001194
0.001261 0.002057 0.002401 0.002487 0.002627 0.002444 0.001248
0.000556 0.000809 0.000916 0.000955 0.001014 0.000957 0.000662
0.000647 0.001032 0.001163 0.001228 0.001384 0.001362 0.000821
0.001118 0.001719 0.001928 0.001978 0.002072 0.001911 0.001092
0.000677 0.001025 0.001150 0.001266 0.001466 0.001517 0.000851
0.001118 0.001719 0.001928 0.001978 0.002072 0.001911 0.001092
0.000677 0.001025 0.001150 0.001266 0.001466 0.001517 0.000851
0.000887 0.001446 0.001665 0.001718 0.001841 0.001847 0.000988
0.000417 0.000554 0.000549 0.000596 0.000733 0.000718 0.000566
0.000777 0.001304 0.001511 0.001544 0.001600 0.001499 0.000896
0.001081 0.001414 0.001383 0.001435 0.001697 0.001796 0.000937
0.000371 0.000389 0.000362 0.000401 0.000527 0.000592 0.000516
0.000450 0.000514 0.000574 0.000637 0.000681 0.000632 0.000511
0.000403 0.000611 0.000723 0.000782 0.000867 0.000906 0.000621
0.001294 0.002063 0.002323 0.002279 0.002439 0.002312 0.001253
0.000349 0.000454 0.000488 0.000486 0.000661 0.000725 0.000568
0.000371 0.000392 0.000336 0.000407 0.000610 0.000657 0.000543
0.000482 0.000534 0.000683 0.000729 0.000826 0.000838 0.000590
0.001032 0.001542 0.001788 0.001782 0.001794 0.001677 0.001099
0.001425 0.002413 0.002850 0.003035 0.003147 0.002797 0.001462
0.001103 0.001786 0.001985 0.002020 0.002093 0.001911 0.001128
0.001821 0.002193 0.002441 0.002911 0.003595 0.003844 0.001832
0.001031 0.001345 0.001273 0.001541 0.002616 0.003141 0.001289
0.000755 0.001265 0.001390 0.001440 0.001508 0.001388 0.000891
0.001612 0.002622 0.002986 0.003123 0.003321 0.003144 0.001618
0.001217 0.001799 0.002037 0.002314 0.002498 0.002323 0.001264
0.000515 0.000606 0.000633 0.000615 0.000641 0.000634 0.000536
0.001788 0.002412 0.002397 0.002536 0.003082 0.003300 0.001419
0.001181 0.001761 0.001801 0.001764 0.002138 0.002137 0.001080
0.000745 0.001065 0.001090 0.001362 0.001800 0.001972 0.000987
0.001429 0.002279 0.002479 0.002638 0.002951 0.002813 0.001308
0.001504 0.002464 0.002919 0.002991 0.003074 0.002783 0.001391
0.001692 0.002405 0.002720 0.003118 0.003671 0.003644 0.001582
0.001034 0.001634 0.001837 0.001962 0.002147 0.002039 0.001084
0.001047 0.001637 0.001853 0.001824 0.001984 0.001903 0.001000
0.000551 0.000853 0.000973 0.001014 0.001067 0.001003 0.000689
0.000421 0.000535 0.000588 0.000628 0.000676 0.000668 0.000485
0.001425 0.002413 0.002850 0.003035 0.003147 0.002797 0.001462
0.001103 0.001786 0.001985 0.002020 0.002093 0.001911 0.001128
0.000975 0.001572 0.001852 0.001925 0.001983 0.001839 0.001005
0.001114 0.001856 0.002158 0.002202 0.002265 0.002064 0.001106
0.000699 0.001111 0.001211 0.001249 0.001360 0.001317 0.000762
0.000683 0.001149 0.001400 0.001405 0.001364 0.001260 0.000869
0.000880 0.001287 0.001381 0.001416 0.001591 0.001567 0.000887
0.001257 0.002008 0.002712 0.003140 0.003377 0.003393 0.001703
0.001247 0.001856 0.001991 0.002100 0.002315 0.002224 0.001158
0.000548 0.000822 0.000923 0.001046 0.001219 0.001233 0.000751
0.001186 0.001631 0.001765 0.001955 0.002095 0.001989 0.001188
0.001929 0.003416 0.004132 0.004208 0.004310 0.004198 0.002134
0.001899 0.003376 0.004083 0.004203 0.004327 0.003898 0.001806
0.002202 0.003940 0.004803 0.004959 0.005053 0.004563 0.002210
0.000745 0.001116 0.001336 0.001434 0.001694 0.001725 0.000854
0.001094 0.001739 0.001949 0.002004 0.002030 0.001933 0.001198
0.000893 0.001172 0.001014 0.001067 0.001446 0.001616 0.000873
0.000828 0.001376 0.001565 0.001680 0.001757 0.001759 0.000962
0.000431 0.000625 0.000655 0.000662 0.000915 0.000969 0.000693
0.001355 0.002126 0.002457 0.002472 0.002468 0.002551 0.001319
0.001597 0.002777 0.003356 0.003633 0.003887 0.003570 0.001797
0.000681 0.001053 0.001131 0.001126 0.001245 0.001218 0.000737
0.001804 0.003398 0.004143 0.004214 0.004598 0.004564 0.002171
0.000924 0.001191 0.001314 0.001797 0.002519 0.002775 0.001171
0.000993 0.001568 0.001848 0.001973 0.002119 0.001963 0.001031
0.000644 0.001101 0.001282 0.001272 0.001379 0.001339 0.000807
0.000482 0.000534 0.000683 0.000729 0.000826 0.000838 0.000590
0.001032 0.001542 0.001788 0.001782 0.001794 0.001677 0.001099
0.001358 0.002233 0.002621 0.002737 0.002804 0.002503 0.001324
0.000367 0.000416 0.000489 0.000540 0.000609 0.000575 0.000465
0.001513 0.002247 0.002557 0.002878 0.003316 0.003312 0.001511
0.000516 0.000662 0.000726 0.000844 0.000967 0.001048 0.000685
0.001281 0.002163 0.002511 0.002594 0.002648 0.002395 0.001309
0.000667 0.001079 0.001190 0.001269 0.001402 0.001331 0.000853
0.001006 0.001581 0.001754 0.001829 0.001933 0.001798 0.001014
0.000806 0.001211 0.001334 0.001473 0.001670 0.001795 0.000926
0.001178 0.001809 0.002088 0.002136 0.002126 0.002027 0.001255
0.001145 0.001622 0.001720 0.001679 0.001773 0.001780 0.000989
0.001852 0.003031 0.003283 0.003757 0.004164 0.004162 0.001771
0.002650 0.003937 0.004044 0.003865 0.004970 0.005371 0.002174
0.001755 0.002607 0.002865 0.003045 0.004073 0.004277 0.001665
0.001441 0.002340 0.002819 0.003203 0.003585 0.003622 0.001710
0.001889 0.003231 0.003654 0.003720 0.003798 0.003529 0.001884
0.001356 0.001902 0.002198 0.002411 0.002806 0.003029 0.001353
0.002390 0.004203 0.005072 0.005036 0.004978 0.004543 0.002357
0.001838 0.002457 0.002221 0.002787 0.004225 0.004602 0.001786
0.002042 0.003531 0.004208 0.004234 0.004105 0.003770 0.002132
0.001952 0.003451 0.004227 0.004520 0.004674 0.004197 0.001982
0.002042 0.003531 0.004208 0.004234 0.004105 0.003770 0.002132
0.001952 0.003451 0.004227 0.004520 0.004674 0.004197 0.001982
0.001567 0.002462 0.002870 0.003116 0.003511 0.003295 0.001419
0.001080 0.001613 0.001786 0.001775 0.001941 0.001846 0.000945
0.001459 0.002408 0.002753 0.002810 0.002877 0.002787 0.001529
0.000755 0.001272 0.001424 0.001517 0.001620 0.001533 0.000906
0.000635 0.000997 0.001087 0.001056 0.001163 0.001087 0.000751
0.001470 0.002258 0.002481 0.002365 0.002455 0.002305 0.001295
0.001534 0.002357 0.002938 0.003215 0.003454 0.003168 0.001504
0.001793 0.002728 0.003108 0.003194 0.003313 0.003105 0.001444
0.002518 0.003958 0.004339 0.004169 0.004261 0.004196 0.002049
0.001476 0.002131 0.002068 0.002274 0.003605 0.004033 0.001586
0.001308 0.001892 0.001696 0.001890 0.002529 0.002911 0.001151
0.003132 0.005020 0.005750 0.006306 0.007612 0.007469 0.002927
0.000524 0.000763 0.000885 0.000777 0.001090 0.001176 0.000784
0.000620 0.000822 0.000753 0.000875 0.001186 0.001272 0.000755
0.002116 0.003562 0.004055 0.004568 0.005044 0.004888 0.002013
0.000781 0.001172 0.001238 0.001365 0.001681 0.001762 0.000941
0.002085 0.003631 0.004245 0.004325 0.004380 0.004145 0.002156
0.001657 0.002760 0.003111 0.003146 0.003139 0.002896 0.001685
0.001257 0.001956 0.002268 0.002412 0.002563 0.002422 0.001278
0.001807 0.002790 0.003146 0.003397 0.003674 0.003426 0.001559
0.000980 0.001443 0.001577 0.001748 0.002007 0.001942 0.000961
0.001666 0.002476 0.002664 0.002797 0.002974 0.002914 0.001367
0.001803 0.002775 0.003057 0.003244 0.003421 0.003177 0.001601
0.000856 0.001457 0.001651 0.001769 0.001892 0.001751 0.001045
0.000825 0.001301 0.001358 0.001484 0.001817 0.001925 0.001064
0.000944 0.001484 0.001701 0.001813 0.001903 0.001788 0.000998
0.001534 0.002357 0.002938 0.003215 0.003454 0.003168 0.001504
0.001793 0.002728 0.003108 0.003194 0.003313 0.003105 0.001444
0.001627 0.002525 0.002840 0.002883 0.003056 0.002759 0.001276
0.001027 0.001694 0.001916 0.001983 0.002082 0.001961 0.001141
0.002574 0.003666 0.003803 0.004185 0.005132 0.005054 0.002380
0.001621 0.002099 0.001689 0.002027 0.003649 0.004455 0.001760
0.000587 0.000900 0.001032 0.001058 0.001125 0.001212 0.000699
0.001565 0.002497 0.002776 0.002827 0.002921 0.002898 0.001497
0.000644 0.000894 0.001118 0.001206 0.001422 0.001392 0.000841
0.001554 0.002226 0.002401 0.002602 0.002824 0.002740 0.001296
0.002471 0.003777 0.004359 0.004915 0.005521 0.005227 0.002149
0.001277 0.001990 0.002306 0.002425 0.002661 0.002615 0.001408
0.001786 0.002871 0.003284 0.003627 0.003847 0.003574 0.001840
0.000851 0.001031 0.001064 0.001121 0.001283 0.001330 0.000739
0.000930 0.001523 0.001737 0.001808 0.001899 0.001773 0.001029
0.001380 0.002234 0.002561 0.002605 0.002639 0.002335 0.001327
0.002110 0.003593 0.004234 0.004206 0.004214 0.003890 0.002111
0.001094 0.001793 0.001978 0.002027 0.002110 0.002011 0.001187
0.001226 0.001829 0.001933 0.002002 0.002183 0.002073 0.001131
0.001976 0.002883 0.003324 0.003481 0.003849 0.003694 0.001697
0.002116 0.003562 0.004055 0.004568 0.005044 0.004888 0.002013
0.000781 0.001172 0.001238 0.001365 0.001681 0.001762 0.000941
0.002250 0.003627 0.004106 0.004372 0.004628 0.004474 0.002590
0.001553 0.002506 0.002876 0.002815 0.002724 0.002543 0.001477
0.001499 0.002077 0.002218 0.002090 0.002137 0.002108 0.001117
0.002234 0.003072 0.003609 0.003559 0.004252 0.004637 0.001919
0.004244 0.006813 0.007438 0.007552 0.007622 0.008054 0.003500
0.002184 0.003383 0.003752 0.003791 0.004681 0.004603 0.002089
0.001862 0.003387 0.004237 0.004494 0.004712 0.004266 0.002017
0.001990 0.003547 0.004373 0.004587 0.004744 0.004473 0.002340
0.002349 0.004228 0.005240 0.005332 0.005448 0.005136 0.002540
0.003120 0.005596 0.006456 0.006884 0.007894 0.007319 0.003002
0.001973 0.003020 0.003409 0.003583 0.003771 0.003459 0.001680
0.003336 0.006118 0.007501 0.007552 0.008134 0.007936 0.003115
0.001907 0.003357 0.004024 0.004128 0.004154 0.003897 0.001930
0.002051 0.004084 0.005176 0.006288 0.007078 0.006423 0.003092
0.002410 0.004118 0.004998 0.005121 0.005079 0.005097 0.002602
0.001280 0.001668 0.001844 0.001962 0.002214 0.002239 0.001097
0.001902 0.002802 0.003118 0.003299 0.003536 0.003440 0.001578
0.002535 0.004313 0.004992 0.004990 0.005042 0.004734 0.002325
0.001902 0.002802 0.003118 0.003299 0.003536 0.003440 0.001578
0.002535 0.004313 0.004992 0.004990 0.005042 0.004734 0.002325
0.000948 0.001347 0.001540 0.001582 0.001781 0.002059 0.001068
0.002630 0.005498 0.006229 0.006247 0.006283 0.006538 0.002985
0.001519 0.002575 0.003047 0.003167 0.003280 0.002903 0.001509
0.002362 0.004696 0.006166 0.006904 0.008055 0.007679 0.003622
0.000979 0.001511 0.001631 0.001628 0.001752 0.001729 0.000995
0.002474 0.003987 0.004612 0.004891 0.004693 0.004482 0.002480
0.000934 0.001243 0.001337 0.001289 0.001557 0.001867 0.000971
0.002292 0.003445 0.003834 0.003939 0.004216 0.004221 0.002010
0.002197 0.003177 0.003399 0.003350 0.003511 0.003406 0.001536
0.001278 0.002008 0.002249 0.002249 0.002537 0.002448 0.001321
0.001076 0.001571 0.001712 0.001765 0.002028 0.002110 0.000948
0.003654 0.006211 0.006912 0.007217 0.007571 0.007836 0.003391
0.002242 0.004060 0.004768 0.004883 0.004992 0.004682 0.002398
0.002919 0.005330 0.006210 0.006203 0.006310 0.006043 0.002935
0.002353 0.003826 0.004452 0.004522 0.004630 0.004077 0.001790
0.001366 0.002166 0.002513 0.002597 0.002884 0.002767 0.001349
0.002808 0.004559 0.005465 0.005826 0.005904 0.005753 0.002828
0.001381 0.002273 0.002574 0.002586 0.002614 0.002460 0.001418
0.001997 0.003508 0.004227 0.004339 0.004477 0.003982 0.001877
0.003082 0.005673 0.006875 0.006817 0.007031 0.006531 0.002952
0.001641 0.002499 0.002987 0.002880 0.002863 0.002842 0.001588
0.001986 0.003162 0.003677 0.003777 0.003884 0.003611 0.001708
0.002522 0.004206 0.004672 0.004712 0.004773 0.004627 0.002460
0.002895 0.005204 0.006131 0.006588 0.007474 0.006767 0.002775
0.000833 0.001358 0.001449 0.001382 0.001645 0.001739 0.001074
0.001138 0.001595 0.001656 0.001779 0.001889 0.001874 0.001088
0.002552 0.004409 0.005097 0.005117 0.004842 0.004601 0.002635
0.001373 0.002168 0.002665 0.002652 0.002635 0.002355 0.001395
0.003417 0.005752 0.006533 0.007770 0.009637 0.009834 0.003039
0.001681 0.002625 0.003203 0.003391 0.003443 0.003553 0.001853
0.000992 0.001541 0.001681 0.001888 0.001956 0.002012 0.001156
0.002696 0.004421 0.005364 0.005234 0.005007 0.004548 0.002726
0.001635 0.002733 0.003163 0.003177 0.003139 0.002886 0.001674
0.001204 0.001859 0.001987 0.002022 0.002131 0.002072 0.001247
0.001716 0.002523 0.002687 0.002869 0.003556 0.003825 0.001626
0.002902 0.005150 0.005900 0.005909 0.006090 0.005817 0.002724
0.000851 0.001288 0.001310 0.001410 0.001887 0.002247 0.001017
0.003875 0.006352 0.006736 0.006448 0.007272 0.007986 0.003068
0.002719 0.004798 0.005513 0.005477 0.005366 0.005126 0.002716
0.002704 0.004567 0.005367 0.005318 0.005363 0.005510 0.002489
0.003418 0.006425 0.007739 0.007757 0.008228 0.007809 0.003234
0.002932 0.004990 0.005943 0.006107 0.005969 0.005502 0.002931
0.003869 0.006720 0.008125 0.008599 0.009493 0.008717 0.003092
0.002560 0.004356 0.004975 0.004977 0.004922 0.004681 0.002460
0.003898 0.007180 0.008905 0.010139 0.011607 0.010810 0.003299
0.002647 0.004220 0.004547 0.004104 0.004511 0.004379 0.002188
0.002973 0.005644 0.007150 0.007260 0.007381 0.006919 0.003602
0.003224 0.005333 0.005710 0.006055 0.007415 0.007097 0.002835
0.001923 0.002665 0.002930 0.003202 0.003314 0.003453 0.001510
0.003397 0.005043 0.005671 0.005765 0.006087 0.006137 0.002778
0.002959 0.005299 0.006448 0.006361 0.006099 0.006060 0.002975
0.003437 0.006055 0.007182 0.007990 0.008407 0.008471 0.003429
0.002211 0.003568 0.004083 0.003745 0.004605 0.004577 0.002046
0.003226 0.005239 0.005951 0.005942 0.005934 0.005633 0.002767
0.002025 0.003415 0.003938 0.004047 0.004363 0.004022 0.001998
0.002417 0.005254 0.006835 0.008540 0.009298 0.008891 0.004340
0.002547 0.004600 0.005305 0.005378 0.005519 0.005237 0.002538
0.001825 0.003032 0.003418 0.003500 0.003607 0.003229 0.001683
0.002114 0.003320 0.003703 0.003961 0.004384 0.004349 0.001883
0.002041 0.003201 0.003721 0.003808 0.004077 0.004011 0.001961
0.002726 0.004636 0.005518 0.005887 0.006223 0.006099 0.002758
0.003428 0.006414 0.007780 0.007860 0.007884 0.007987 0.003309
0.004610 0.007572 0.008992 0.008493 0.008785 0.008799 0.003436
0.001122 0.001833 0.002288 0.002426 0.002456 0.002366 0.001339
0.001531 0.002292 0.002550 0.002805 0.002976 0.002768 0.001343
0.004464 0.007270 0.008107 0.008071 0.008263 0.009138 0.003245
0.002511 0.004242 0.004818 0.004791 0.004756 0.004430 0.002387
0.003513 0.006722 0.008083 0.008410 0.008617 0.008965 0.003432
0.002361 0.004527 0.005657 0.005833 0.005907 0.005122 0.002750
0.001482 0.002349 0.002698 0.002770 0.002923 0.002933 0.001493
0.002128 0.003611 0.004161 0.004302 0.004384 0.004132 0.002162
0.002518 0.004404 0.005311 0.005616 0.005548 0.004938 0.002671
0.001487 0.001979 0.002257 0.002265 0.002484 0.002835 0.001417
0.003324 0.006672 0.007762 0.006978 0.007646 0.007322 0.003457
0.003155 0.005773 0.006835 0.006909 0.007423 0.007252 0.003099
0.002274 0.004018 0.004634 0.004643 0.004878 0.004640 0.002302
0.002793 0.004158 0.004475 0.004552 0.004855 0.004868 0.002291
0.002170 0.003471 0.004326 0.004752 0.005218 0.005169 0.002346
0.002124 0.003195 0.003446 0.003707 0.004159 0.003971 0.001706
0.003158 0.005947 0.007202 0.007505 0.008166 0.007175 0.003119
0.003416 0.006291 0.007678 0.008065 0.008148 0.008585 0.003553
0.001332 0.001980 0.002137 0.002083 0.002286 0.002331 0.001201
0.003186 0.005910 0.006997 0.007371 0.007821 0.007636 0.003328
0.004054 0.006786 0.007474 0.008098 0.008953 0.008440 0.003131
0.002730 0.005206 0.006438 0.006596 0.007145 0.006631 0.002962
0.002703 0.004767 0.005786 0.005878 0.005993 0.005655 0.002625
0.002981 0.005534 0.006206 0.006242 0.006410 0.005541 0.003289
0.002275 0.003886 0.004609 0.004818 0.004821 0.004537 0.002444
0.003898 0.007180 0.008905 0.010139 0.011607 0.010810 0.003299
0.002647 0.004220 0.004547 0.004104 0.004511 0.004379 0.002188
0.003680 0.006104 0.006820 0.006753 0.007027 0.006951 0.003060
0.001806 0.003037 0.003583 0.003618 0.003586 0.003431 0.001760
0.002612 0.004615 0.005681 0.006030 0.006465 0.005889 0.002579
0.002594 0.004744 0.005849 0.006084 0.006048 0.005973 0.002916
0.002759 0.004328 0.004883 0.005164 0.005478 0.005447 0.002457
0.003237 0.005699 0.006792 0.006961 0.007571 0.006911 0.003034
0.003113 0.005415 0.006465 0.006786 0.007900 0.007413 0.002668
0.001984 0.003368 0.003620 0.003496 0.004112 0.004439 0.001968
0.002759 0.004328 0.004883 0.005164 0.005478 0.005447 0.002457
0.003237 0.005699 0.006792 0.006961 0.007571 0.006911 0.003034
0.004589 0.007530 0.009403 0.010005 0.010735 0.009865 0.003119
0.004586 0.008226 0.010261 0.010804 0.011406 0.009992 0.003541
0.003474 0.006104 0.007888 0.009620 0.011335 0.011663 0.003211
0.003832 0.006806 0.008080 0.008464 0.009463 0.009403 0.002913
0.004502 0.008732 0.012565 0.014608 0.016548 0.015578 0.004151
0.003980 0.007065 0.007968 0.007637 0.009168 0.008774 0.003083
0.003408 0.006960 0.010790 0.013686 0.015361 0.018277 0.006016
0.005655 0.008519 0.009307 0.008680 0.008933 0.009564 0.003810
0.003581 0.005296 0.005777 0.005925 0.006328 0.006589 0.002658
0.006552 0.010651 0.012855 0.013423 0.013691 0.013920 0.003814
0.004960 0.007538 0.008546 0.008992 0.010052 0.010576 0.003027
0.004666 0.008182 0.009933 0.009319 0.008712 0.008750 0.004937
0.004205 0.006569 0.007112 0.006933 0.009963 0.013185 0.002967
0.003881 0.007732 0.010214 0.011081 0.010977 0.010307 0.003643
0.003141 0.004840 0.005298 0.005641 0.006139 0.006302 0.002700
0.002965 0.006594 0.008646 0.009018 0.007996 0.007639 0.004158
0.004119 0.008181 0.010388 0.010823 0.011408 0.010837 0.003825
0.003118 0.005161 0.006109 0.006082 0.006188 0.005800 0.002800
0.003432 0.005769 0.007031 0.008122 0.009053 0.009457 0.003296
0.003363 0.005371 0.006102 0.006790 0.008040 0.007581 0.003028
0.003948 0.006905 0.007891 0.009083 0.010603 0.010214 0.003299
0.004643 0.007593 0.008892 0.010185 0.012047 0.011465 0.003420
0.006462 0.012142 0.013302 0.013568 0.016037 0.015534 0.002962
0.002151 0.003141 0.003342 0.003532 0.003887 0.004101 0.001771
0.002870 0.004378 0.005223 0.005351 0.005104 0.004886 0.002500
0.004375 0.007354 0.008928 0.009916 0.011294 0.012086 0.003233
0.003810 0.006967 0.008223 0.008211 0.009160 0.008205 0.003365
0.004483 0.007230 0.008755 0.009855 0.010178 0.010849 0.003390
0.004029 0.007521 0.009407 0.010736 0.011205 0.010969 0.003611
0.002251 0.003824 0.004413 0.004499 0.004512 0.004183 0.002154
0.003434 0.006169 0.007634 0.007939 0.008933 0.007830 0.002807
0.004307 0.007145 0.008399 0.009721 0.010446 0.010338 0.003111
0.003084 0.004286 0.004219 0.004490 0.005818 0.006123 0.002438
0.003769 0.009080 0.014385 0.016502 0.013639 0.013360 0.005494
0.003759 0.006913 0.008497 0.009209 0.009041 0.009512 0.003515
0.004097 0.007604 0.010023 0.010986 0.011775 0.010419 0.003275
0.008539 0.009589 0.009504 0.008600 0.010583 0.010604 0.002994
0.003097 0.005243 0.006534 0.006979 0.007277 0.007466 0.003196
0.003140 0.004742 0.005208 0.005550 0.006453 0.006229 0.002522
0.007114 0.009227 0.009614 0.008755 0.008588 0.008423 0.002884
0.008696 0.011248 0.015147 0.018797 0.024880 0.020039 0.005612
0.001870 0.002769 0.003277 0.003370 0.003428 0.003439 0.001840
0.003444 0.006567 0.008601 0.009487 0.010722 0.011544 0.003797
0.004793 0.008625 0.010352 0.010392 0.010055 0.010449 0.003405
0.003670 0.006772 0.008572 0.009795 0.011069 0.010183 0.003253
0.004766 0.008539 0.010703 0.011325 0.011941 0.010534 0.003379
0.004173 0.008213 0.011149 0.012699 0.012687 0.012489 0.006153
0.006998 0.008301 0.009076 0.009307 0.010055 0.010117 0.003084
0.004502 0.008732 0.012565 0.014608 0.016548 0.015578 0.004151
0.003980 0.007065 0.007968 0.007637 0.009168 0.008774 0.003083
0.009406 0.009397 0.010022 0.009335 0.008858 0.008012 0.003271
0.003021 0.004929 0.005322 0.005916 0.006632 0.007003 0.002801
0.003794 0.007349 0.009047 0.009594 0.010304 0.009153 0.003318
0.003578 0.006547 0.007933 0.009356 0.009815 0.009137 0.004094
0.004068 0.007349 0.009209 0.009542 0.010097 0.010371 0.003167
0.004494 0.008192 0.009818 0.010469 0.010684 0.011239 0.003675
0.005173 0.008059 0.009044 0.009053 0.010177 0.009599 0.003743
0.003157 0.005262 0.006243 0.006238 0.006759 0.006724 0.002586
0.004068 0.007349 0.009209 0.009542 0.010097 0.010371 0.003167
0.004494 0.008192 0.009818 0.010469 0.010684 0.011239 0.003675
0.004191 0.007694 0.009305 0.011415 0.011729 0.012787 0.004010
0.010592 0.011579 0.010475 0.009502 0.009145 0.008534 0.004382
0.005379 0.008310 0.010728 0.012041 0.013784 0.013414 0.003633
0.004727 0.009224 0.012184 0.013118 0.012779 0.013243 0.004194
0.005273 0.008920 0.012017 0.012899 0.013307 0.013921 0.004756
0.005009 0.008917 0.011359 0.011425 0.011818 0.010758 0.003734
0.004029 0.007623 0.009690 0.008885 0.009477 0.009373 0.003795
0.009169 0.010323 0.011030 0.010979 0.010952 0.009969 0.004088
0.004694 0.007241 0.007749 0.008456 0.009408 0.008845 0.003239
0.011761 0.013802 0.013460 0.013229 0.012822 0.012376 0.004897
0.005002 0.008161 0.009501 0.009720 0.011269 0.011772 0.003152
0.010395 0.009432 0.008548 0.010706 0.012357 0.012853 0.004284
0.004125 0.006647 0.008580 0.008755 0.013171 0.013991 0.002541
0.004699 0.009682 0.013902 0.018595 0.026071 0.026304 0.004353
0.003605 0.006158 0.006916 0.006654 0.007916 0.007555 0.002855
0.010292 0.013286 0.014292 0.015689 0.016604 0.019638 0.004669
0.004942 0.009566 0.013312 0.014729 0.014244 0.013872 0.005455
0.006094 0.009524 0.011806 0.012449 0.012577 0.011880 0.003596
0.004592 0.007816 0.009763 0.011612 0.013098 0.013242 0.004084
0.003551 0.006561 0.007314 0.006882 0.009073 0.011529 0.003069
0.009234 0.009348 0.008976 0.008375 0.008452 0.008415 0.002724
0.004375 0.008752 0.012615 0.014127 0.014501 0.014620 0.005728
0.005745 0.011261 0.020218 0.031024 0.035381 0.034032 0.003887
0.002456 0.003855 0.004451 0.004774 0.005193 0.005302 0.002516
0.004409 0.006556 0.006754 0.006915 0.007946 0.008096 0.003041
0.006932 0.009494 0.010077 0.009811 0.010526 0.011149 0.003315
0.004021 0.007369 0.009951 0.010997 0.011312 0.012078 0.003782
0.005361 0.008032 0.009923 0.010934 0.012009 0.011971 0.004597
0.005589 0.010510 0.014556 0.016440 0.021055 0.017610 0.003532
0.003800 0.006952 0.008346 0.008802 0.009354 0.007976 0.003187
0.008042 0.017535 0.021835 0.023333 0.026757 0.019058 0.003847
0.007949 0.014881 0.015874 0.015266 0.016332 0.014962 0.002680
0.004555 0.006219 0.007049 0.007157 0.009860 0.010537 0.003177
0.004563 0.009011 0.013348 0.018954 0.024488 0.018111 0.003948
0.004792 0.009273 0.012539 0.013332 0.013890 0.012031 0.003863
0.005427 0.009287 0.011027 0.011313 0.011774 0.010352 0.003685
0.007196 0.011302 0.013359 0.013690 0.013073 0.013197 0.005325
0.003142 0.006339 0.007738 0.009395 0.010044 0.009410 0.004196
0.003828 0.006464 0.008423 0.009166 0.009721 0.009359 0.003063
0.005721 0.011667 0.015740 0.021014 0.021792 0.018361 0.002437
0.004159 0.023487 0.032996 0.039444 0.043049 0.045051 0.007606
0.002498 0.003989 0.004590 0.005067 0.005471 0.005461 0.002716
0.003796 0.007411 0.010868 0.012792 0.014094 0.014405 0.003214
0.007136 0.010574 0.011664 0.010379 0.011775 0.011304 0.003287
0.003299 0.006515 0.008985 0.010938 0.012317 0.011446 0.003396
0.004367 0.008508 0.010785 0.011143 0.012032 0.011520 0.003743
0.005693 0.009003 0.009892 0.010717 0.011624 0.011845 0.003117
0.005390 0.008913 0.010567 0.012175 0.013755 0.012997 0.002875
0.005273 0.009176 0.013625 0.017902 0.025061 0.019456 0.004756
0.005009 0.008917 0.011359 0.011425 0.011818 0.010758 0.003734
0.012096 0.013214 0.011200 0.008652 0.007670 0.006556 0.004038
0.003635 0.005818 0.006609 0.007182 0.008507 0.009143 0.002951
0.003548 0.007277 0.009386 0.010090 0.010313 0.010745 0.004063
0.003775 0.007704 0.011152 0.013492 0.014905 0.018060 0.005391
0.018793 0.016322 0.013652 0.010890 0.010272 0.010614 0.003564
0.009207 0.011275 0.011163 0.009325 0.008892 0.010034 0.002568
0.005903 0.010201 0.012048 0.012563 0.012942 0.013988 0.003587
0.005700 0.009216 0.011089 0.011421 0.011666 0.010575 0.003241
0.018793 0.016322 0.013652 0.010890 0.010272 0.010614 0.003564
0.009207 0.011275 0.011163 0.009325 0.008892 0.010034 0.002568
0.004444 0.007988 0.009870 0.011976 0.014528 0.016674 0.004478
0.003980 0.007440 0.009243 0.010532 0.010488 0.009750 0.004531
0.009172 0.009206 0.011486 0.013952 0.015223 0.016639 0.004513
0.008035 0.009998 0.011499 0.012427 0.013390 0.012250 0.004073
0.005581 0.012913 0.014921 0.016444 0.027513 0.021559 0.006007
0.005742 0.010776 0.014184 0.014619 0.015564 0.018313 0.006442
0.004415 0.010199 0.015207 0.024848 0.032039 0.034666 0.007413
0.006089 0.008847 0.009202 0.010180 0.011497 0.011403 0.003455
0.008856 0.009520 0.010630 0.011048 0.011294 0.011130 0.003331
0.011677 0.014100 0.014722 0.015012 0.016704 0.016001 0.004988
0.009264 0.010727 0.013200 0.012703 0.013607 0.013878 0.003831
0.015551 0.014941 0.013191 0.011404 0.013177 0.017584 0.003622
0.006529 0.008157 0.008210 0.008166 0.026096 0.025352 0.002842
0.005152 0.009188 0.012941 0.029213 0.039231 0.043442 0.004787
0.003657 0.006183 0.007153 0.007590 0.010630 0.012968 0.003028
0.004298 0.005890 0.007713 0.009549 0.014618 0.018216 0.003459
0.005089 0.008568 0.009775 0.010571 0.010621 0.009637 0.004263
0.007113 0.010808 0.013518 0.014377 0.014587 0.013915 0.004897
0.005277 0.009054 0.010651 0.010223 0.011882 0.012688 0.003371
0.008756 0.009008 0.008899 0.007721 0.009577 0.012044 0.003011
0.006926 0.009984 0.012229 0.011889 0.013880 0.014054 0.002926
0.008334 0.020758 0.018931 0.020319 0.021206 0.017112 0.003396
0.004535 0.008719 0.011496 0.026665 0.038075 0.037152 0.005727
0.003266 0.005393 0.006030 0.005868 0.006786 0.007672 0.002696
0.005939 0.009090 0.008681 0.008808 0.009694 0.009352 0.003160
0.017808 0.015111 0.012271 0.011507 0.012170 0.013277 0.003667
0.006151 0.008907 0.010408 0.011727 0.012646 0.012197 0.005368
0.011340 0.013068 0.011643 0.009898 0.009013 0.008886 0.003065
0.013038 0.015192 0.015975 0.014248 0.012430 0.011693 0.004836
0.004678 0.008867 0.011483 0.012296 0.013075 0.011824 0.003590
0.003876 0.006812 0.008582 0.009557 0.010615 0.011369 0.003450
0.006014 0.070847 0.073939 0.073754 0.078813 0.075735 0.006155
0.006251 0.008604 0.009437 0.009125 0.010861 0.012539 0.003496
0.006933 0.011294 0.016036 0.014229 0.021868 0.040578 0.006712
0.006581 0.010100 0.012192 0.013457 0.014651 0.013587 0.003755
0.003584 0.007086 0.009362 0.010803 0.011364 0.011015 0.004560
0.018088 0.025545 0.025409 0.021909 0.014258 0.011900 0.004935
0.004347 0.007235 0.007546 0.006095 0.005855 0.005051 0.002724
0.009228 0.008784 0.008849 0.007629 0.009463 0.012808 0.002707
0.004640 0.009257 0.013818 0.019014 0.027078 0.020871 0.003035
0.005034 0.008677 0.009874 0.008972 0.008954 0.009232 0.004083
0.002907 0.004561 0.005642 0.006148 0.006911 0.008244 0.003164
0.003929 0.007178 0.011944 0.016232 0.020546 0.018712 0.002777
0.005351 0.007811 0.007531 0.007634 0.010552 0.012557 0.003098
0.004503 0.009289 0.013640 0.018420 0.022988 0.018748 0.003615
0.005122 0.009799 0.013055 0.013772 0.014707 0.014472 0.004499
0.009964 0.010509 0.012551 0.013204 0.015268 0.015653 0.005277
0.017405 0.015323 0.013207 0.013693 0.015737 0.015427 0.003054
0.005581 0.015363 0.020045 0.016827 0.027513 0.022776 0.006059
0.005743 0.010776 0.014184 0.014619 0.015564 0.018314 0.006442
0.018008 0.024685 0.023283 0.014700 0.012636 0.011504 0.005887
0.004502 0.006975 0.007784 0.008818 0.010565 0.010341 0.003063
0.003517 0.007810 0.010985 0.012897 0.014844 0.014489 0.004652
0.004197 0.009289 0.014251 0.018569 0.025488 0.026258 0.006459
0.011936 0.013512 0.012337 0.011757 0.012453 0.012729 0.005055
0.014319 0.014310 0.012658 0.012356 0.011651 0.012849 0.003014
0.005984 0.010592 0.014164 0.016001 0.017591 0.016670 0.004829
0.013359 0.012112 0.009607 0.008805 0.009933 0.009996 0.003201
0.013003 0.015755 0.014732 0.012790 0.012453 0.012729 0.005055
0.014319 0.014310 0.012658 0.012356 0.011651 0.012849 0.003014
0.017421 0.017407 0.017598 0.016125 0.014548 0.013580 0.002586
0.006423 0.011264 0.014710 0.016307 0.015867 0.017284 0.006602
0.005299 0.009276 0.010478 0.010156 0.009661 0.010172 0.003646
0.007844 0.011314 0.013267 0.013091 0.012872 0.011050 0.005308
0.004489 0.009047 0.013084 0.012334 0.010855 0.010924 0.003658
0.005167 0.007868 0.007164 0.007317 0.009505 0.012098 0.002744
0.004475 0.012051 0.015824 0.018641 0.023864 0.038104 0.031078
0.004299 0.006885 0.009435 0.013638 0.035025 0.035640 0.003631
0.015395 0.017271 0.014255 0.011851 0.011023 0.009911 0.003364
0.014495 0.016097 0.012577 0.009544 0.011479 0.012670 0.002813
0.011590 0.018284 0.025394 0.013827 0.011513 0.015733 0.006748
0.020840 0.026455 0.025571 0.019332 0.013446 0.016749 0.006015
0.010372 0.009087 0.007175 0.006833 0.008907 0.011633 0.003494
0.004774 0.008710 0.011514 0.013991 0.020422 0.024758 0.004522
0.004966 0.007419 0.006261 0.006861 0.010995 0.020560 0.004431
0.005167 0.008347 0.009905 0.009676 0.012675 0.013981 0.003717
0.016749 0.016858 0.016130 0.014990 0.015075 0.013464 0.003675
0.013441 0.015187 0.014265 0.012917 0.012173 0.010740 0.006113
0.010254 0.010525 0.010266 0.010580 0.014069 0.016069 0.003469
0.004825 0.007690 0.014754 0.017870 0.030285 0.032138 0.003399
0.008288 0.010650 0.010938 0.010060 0.010039 0.012582 0.003083
0.008342 0.010491 0.013491 0.015036 0.014543 0.020401 0.004609
0.016338 0.022281 0.025037 0.024779 0.020888 0.015365 0.008658
0.004483 0.007338 0.008845 0.009623 0.013013 0.018207 0.003039
0.018822 0.022854 0.023286 0.010630 0.007471 0.006390 0.003244
0.018341 0.017794 0.023564 0.026540 0.028484 0.020392 0.002705
0.009090 0.010818 0.011848 0.011361 0.010556 0.009595 0.003931
0.017201 0.022419 0.017124 0.014860 0.013015 0.013016 0.002846
0.012970 0.014136 0.015722 0.016752 0.017275 0.014931 0.002778
0.013438 0.014895 0.013088 0.013155 0.014711 0.014408 0.003676
0.014750 0.017287 0.016880 0.016007 0.015449 0.014327 0.005709
0.042780 0.042343 0.043220 0.045786 0.052853 0.055414 0.016108
0.003068 0.005623 0.008251 0.012688 0.015146 0.016858 0.007003
0.031352 0.031510 0.032266 0.020726 0.011006 0.007620 0.001799
0.006720 0.119990 0.122274 0.118954 0.118364 0.102002 0.009117
0.004172 0.007958 0.011337 0.014417 0.017262 0.017818 0.005161
0.024523 0.030775 0.031612 0.024041 0.011239 0.010398 0.004415
0.017388 0.015727 0.013382 0.012066 0.010172 0.009801 0.003046
0.003083 0.005599 0.005175 0.005051 0.011785 0.024634 0.003360
0.008413 0.009995 0.013695 0.027273 0.030220 0.025263 0.003673
0.026786 0.023467 0.017262 0.012618 0.012705 0.012344 0.003492
0.011416 0.011505 0.012218 0.012387 0.014822 0.015171 0.003917
0.015253 0.013953 0.015431 0.016088 0.025871 0.028030 0.003656
0.004780 0.006802 0.007984 0.011536 0.028774 0.029838 0.004023
0.009008 0.010349 0.012327 0.012934 0.012970 0.012308 0.004161
0.006937 0.011407 0.013964 0.015053 0.016401 0.014805 0.002810
0.026515 0.026525 0.026160 0.019499 0.012685 0.011662 0.002975
0.006900 0.010670 0.012882 0.013101 0.013113 0.010979 0.003452
0.004489 0.009047 0.013084 0.012334 0.010855 0.010924 0.003658
0.005167 0.007868 0.007164 0.007317 0.009505 0.012098 0.002744
0.005896 0.009464 0.011883 0.012281 0.012707 0.013198 0.004875
0.009879 0.010578 0.009389 0.008292 0.009051 0.009462 0.004222
0.014833 0.019223 0.020010 0.016329 0.021547 0.026200 0.006222
0.020886 0.019855 0.023821 0.018274 0.018957 0.029795 0.003037
0.031078 0.028575 0.024485 0.016835 0.012544 0.018217 0.006050
0.004512 0.007690 0.008681 0.009005 0.010162 0.013174 0.003636
0.197753 0.200501 0.206940 0.075755 0.058848 0.050709 0.022298
0.003903 0.005361 0.008383 0.014353 0.020262 0.016877 0.002612
0.035962 0.034884 0.033928 0.017657 0.018112 0.020889 0.017296
0.004512 0.007690 0.008681 0.009005 0.010162 0.013174 0.003636
0.027969 0.027091 0.026917 0.026118 0.026650 0.018012 0.002270
0.020817 0.019410 0.021527 0.018618 0.019942 0.016765 0.002634
0.088974 0.091160 0.094005 0.024902 0.034635 0.036304 0.034935
0.025616 0.021630 0.021966 0.010718 0.008589 0.008591 0.002795
0.019609 0.016563 0.014148 0.012974 0.014352 0.016071 0.003828
0.014626 0.016142 0.015322 0.013737 0.015640 0.019466 0.003918
0.014325 0.015998 0.015200 0.013017 0.011537 0.011742 0.004761
0.004976 0.009771 0.013047 0.013746 0.013512 0.013536 0.005490
0.026785 0.025976 0.024958 0.021056 0.024356 0.024274 0.012258
0.012119 0.036206 0.037651 0.024708 0.018435 0.019764 0.005467
0.009311 0.013159 0.016171 0.026272 0.013547 0.016401 0.005345
0.015737 0.021031 0.017693 0.011842 0.010762 0.007599 0.004599
0.013515 0.014708 0.010812 0.007932 0.010730 0.018355 0.003790
0.018325 0.016436 0.013746 0.010010 0.017474 0.017608 0.003474
0.005806 0.009166 0.009538 0.009017 0.014139 0.031981 0.006263
0.012845 0.014761 0.013567 0.012562 0.027142 0.033898 0.007554
0.003834 0.007481 0.009172 0.010191 0.013388 0.016716 0.003249
0.009013 0.011610 0.013118 0.012482 0.011837 0.011386 0.005062
0.041297 0.042959 0.042754 0.036172 0.023312 0.023590 0.003125
0.006901 0.009525 0.009446 0.010718 0.022655 0.022218 0.003838
0.011282 0.011943 0.012821 0.013595 0.012521 0.021410 0.003689
0.006932 0.009844 0.011982 0.014574 0.027795 0.027980 0.006887
0.036398 0.042418 0.045547 0.039301 0.025137 0.024099 0.010373
0.005893 0.008296 0.007579 0.009735 0.012930 0.025426 0.003825
0.144603 0.153832 0.147761 0.011710 0.013234 0.011579 0.004391
0.030324 0.027846 0.029093 0.020705 0.025591 0.020007 0.003363
0.012447 0.015419 0.016872 0.014385 0.015377 0.018443 0.004160
0.025759 0.022831 0.023968 0.019534 0.020108 0.016464 0.002336
0.010106 0.011213 0.010677 0.009605 0.009385 0.009001 0.003326
0.008130 0.012934 0.015527 0.016112 0.017413 0.015467 0.002595
0.017304 0.019351 0.017713 0.012758 0.013939 0.013238 0.003501
0.004157 0.007159 0.007994 0.008883 0.012596 0.012046 0.003567
0.008282 0.010477 0.011062 0.013789 0.015164 0.017368 0.005389
0.024984 0.018712 0.012702 0.005836 0.004731 0.005058 0.001864
0.015236 0.019623 0.026676 0.033363 0.037386 0.037165 0.003369
0.007487 0.009658 0.011625 0.010893 0.011260 0.012317 0.005463
0.049711 0.053173 0.049299 0.031077 0.011972 0.007267 0.004056
0.018921 0.025125 0.024359 0.024953 0.022295 0.023282 0.006644
0.051708 0.056037 0.053493 0.048635 0.053593 0.057059 0.010411
0.033464 0.037285 0.036179 0.012664 0.009489 0.011125 0.003822
0.027206 0.020172 0.016046 0.013015 0.009970 0.010800 0.004743
0.017913 0.023454 0.025174 0.027327 0.029740 0.034686 0.005207
0.006418 0.007837 0.008339 0.010363 0.014714 0.021374 0.005735
0.012903 0.013105 0.013207 0.011285 0.010736 0.011413 0.002785
0.018346 0.024894 0.023953 0.012450 0.010250 0.009219 0.003891
0.011662 0.020613 0.023108 0.018445 0.026956 0.020855 0.003221
0.008753 0.009748 0.012157 0.012312 0.011552 0.012198 0.004338
0.004301 0.008228 0.009899 0.011058 0.011636 0.012185 0.003545
0.019609 0.016563 0.014148 0.011681 0.012647 0.015001 0.003113
0.003238 0.005864 0.007625 0.008411 0.016142 0.028481 0.004143
0.029112 0.029767 0.031714 0.022742 0.015269 0.013606 0.004318
0.011005 0.011606 0.010911 0.009038 0.009362 0.012245 0.003446
0.006644 0.009426 0.010344 0.012465 0.021895 0.022975 0.005383
0.010406 0.009990 0.007190 0.008297 0.013821 0.028472 0.003789
0.028335 0.033990 0.037400 0.039866 0.008658 0.016478 0.004644
0.014461 0.017810 0.023808 0.016118 0.014180 0.017164 0.004030
0.002760 0.006791 0.011768 0.013207 0.012597 0.011898 0.006524
0.012078 0.013189 0.014960 0.014458 0.014070 0.013276 0.003714
0.020051 0.019015 0.006921 0.007233 0.008650 0.016478 0.004160
0.014463 0.017878 0.022889 0.016123 0.014173 0.017167 0.004034
