0.001869
0.002837
0.001012
0.001785
0.002072
0.001376
0.000947
0.002739
0.001469
0.001137
0.002680
0.001739
0.002588
0.001710
0.001995
0.002670
0.002588
0.001710
0.001336
0.002867
0.002125
0.001761
0.001423
0.002221
0.002476
0.002262
0.001302
0.000625
0.001469
0.001137
0.001345
0.002577
0.001275
0.001764
0.002225
0.000857
0.001448
0.001903
0.000695
0.000970
0.002072
0.001376
0.002706
0.000845
0.001187
0.001542
0.001013
0.001129
0.002072
0.001376
0.002954
0.001936
0.001302
0.000625
0.000756
0.000834
0.001187
0.001542
0.001345
0.002577
0.001250
0.001963
0.001962
0.005016
0.002021
0.001858
0.003485
0.002230
0.001919
0.002528
0.001618
0.002956
0.001879
0.001933
0.002218
0.001519
0.001936
0.001045
0.000925
0.000859
0.001387
0.001293
0.002506
0.002231
0.001851
0.001772
0.001453
0.002048
0.001299
0.000964
0.001919
0.002528
0.002203
0.003966
0.001560
0.003658
0.003416
0.002227
0.003146
0.001511
0.001517
0.002888
0.001870
0.002842
0.001651
0.002297
0.002548
0.001381
0.002506
0.002231
0.002048
0.002744
0.002203
0.003966
0.000940
0.001353
0.003146
0.001511
0.003146
0.001511
0.003189
0.001855
0.002095
0.001299
0.004281
0.003989
0.001954
0.001457
0.002533
0.002289
0.002720
0.001893
0.002350
0.002146
0.001614
0.002559
0.002397
0.003961
0.001760
0.002205
0.003222
0.003822
0.001205
0.001140
0.001834
0.002602
0.002719
0.001355
0.002750
0.003903
0.003434
0.002514
0.003222
0.003822
0.002592
0.002425
0.002122
0.004302
0.003189
0.001855
0.001854
0.001668
0.003378
0.003100
0.003846
0.004568
0.002165
0.002674
0.003684
0.002984
0.003684
0.002984
0.003426
0.001741
0.003058
0.003196
0.001597
0.001671
0.002073
0.004397
0.001695
0.001609
0.002132
0.003719
0.005075
0.003682
0.006720
0.005030
0.002890
0.005263
0.004150
0.001749
0.005345
0.003826
0.003444
0.005047
0.005047
0.006112
0.003881
0.003690
0.002246
0.001831
0.005075
0.003682
0.003737
0.004154
0.002807
0.003143
0.002937
0.005872
0.004001
0.002477
0.003914
0.006857
0.006996
0.007673
0.003317
0.003914
0.002956
0.003237
0.002256
0.004294
0.006019
0.002554
0.007060
0.005064
0.003973
0.002768
0.002132
0.003719
0.004750
0.001511
0.005465
0.002185
0.004482
0.002725
0.003609
0.003683
0.004460
0.003381
0.006525
0.008161
0.007487
0.005758
0.006101
0.005353
0.007708
0.007909
0.006845
0.007294
0.006845
0.007294
0.005864
0.003752
0.004994
0.003046
0.002386
0.004308
0.005637
0.005480
0.006777
0.007104
0.004881
0.012794
0.002514
0.002490
0.008152
0.003237
0.006984
0.005427
0.004329
0.005894
0.003867
0.004812
0.005409
0.003358
0.003356
0.003532
0.005637
0.005480
0.005499
0.003712
0.009478
0.006885
0.002485
0.004915
0.002664
0.004688
0.009329
0.004483
0.005935
0.002717
0.003412
0.004477
0.006747
0.003876
0.003815
0.006210
0.008152
0.003237
0.008448
0.004795
0.003877
0.007392
0.012248
0.007673
0.007200
0.007386
0.008232
0.011880
0.005873
0.011696
0.006528
0.013549
0.008279
0.004072
0.005687
0.007816
0.005687
0.007816
0.003552
0.010918
0.005233
0.014261
0.003183
0.007940
0.003781
0.006867
0.005816
0.004229
0.003574
0.011758
0.007655
0.009669
0.007939
0.004986
0.009667
0.004553
0.007013
0.010425
0.005362
0.006047
0.007916
0.011114
0.003658
0.003761
0.008397
0.004973
0.015933
0.005927
0.003750
0.008899
0.005419
0.003874
0.005964
0.009119
0.003757
0.011515
0.008757
0.008277
0.012012
0.009881
0.013363
0.007980
0.016314
0.007376
0.012783
0.011446
0.005481
0.010121
0.010015
0.013674
0.007130
0.009647
0.006708
0.016900
0.008320
0.005706
0.006810
0.006412
0.009294
0.012033
0.013561
0.004399
0.004806
0.012905
0.007694
0.013141
0.010538
0.005089
0.006993
0.009256
0.004903
0.014271
0.010898
0.007464
0.007497
0.007974
0.007175
0.011872
0.012914
0.004061
0.012232
0.013689
0.010456
0.009007
0.012157
0.007989
0.016314
0.007376
0.011033
0.005794
0.010133
0.009904
0.008343
0.011017
0.012730
0.006959
0.008343
0.011017
0.015219
0.016804
0.016268
0.015215
0.022734
0.013689
0.024478
0.013657
0.009732
0.018548
0.015397
0.016683
0.020715
0.018044
0.009648
0.015692
0.015682
0.009280
0.014154
0.011774
0.016398
0.016214
0.022573
0.006383
0.008664
0.016939
0.013029
0.015193
0.016789
0.007208
0.013738
0.015039
0.011015
0.022692
0.014176
0.017201
0.016848
0.011499
0.011096
0.015379
0.027348
0.005977
0.017375
0.015139
0.016468
0.017024
0.020789
0.014009
0.022734
0.013689
0.014596
0.010496
0.015454
0.017171
0.014656
0.015632
0.016263
0.010101
0.014656
0.015632
0.017924
0.016798
0.019445
0.019038
0.020933
0.016621
0.016609
0.017090
0.013627
0.019316
0.018224
0.021498
0.021941
0.030500
0.012578
0.026351
0.022174
0.017337
0.021641
0.016444
0.014934
0.022335
0.040010
0.008479
0.012197
0.015712
0.016931
0.020001
0.025800
0.013428
0.030275
0.022379
0.016697
0.027723
0.019072
0.017306
0.020933
0.017604
0.015677
0.027380
0.046650
0.009114
0.020335
0.019806
0.017840
0.016147
0.016967
0.019698
0.029760
0.016621
0.018279
0.012804
0.015831
0.023871
0.026758
0.016123
0.019952
0.017354
0.026758
0.016123
0.023267
0.017937
0.022901
0.018099
0.032596
0.024913
0.037585
0.015783
0.016715
0.022159
0.020398
0.024189
0.034903
0.045121
0.017897
0.024327
0.016658
0.019324
0.019061
0.018207
0.022007
0.027206
0.044489
0.011442
0.014859
0.024856
0.020295
0.016642
0.022247
0.018680
0.016691
0.096685
0.016704
0.065598
0.019064
0.016984
0.028903
0.014098
0.020128
0.031007
0.016669
0.011808
0.027222
0.018748
0.027779
0.019022
0.021713
0.023592
0.032596
0.024913
0.027812
0.015656
0.019388
0.030184
0.020933
0.019680
0.023962
0.018712
0.020944
0.019680
0.023659
0.023920
0.015284
0.019038
0.020374
0.018260
0.277892
0.041261
0.060125
0.021177
0.024755
0.029612
0.020267
0.028545
0.028800
0.018555
0.022878
0.020710
0.024354
0.037172
0.018783
0.023760
0.102175
0.026934
0.027471
0.032071
0.018673
0.024992
0.023659
0.020100
0.022593
0.058827
0.023972
0.037156
0.125128
0.023298
0.034366
0.024317
0.029275
0.035819
0.033222
0.022908
0.034771
0.033344
0.020122
0.022705
0.033988
0.018252
0.020374
0.018260
0.018075
0.015665
0.029233
0.031589
0.038788
0.021938
0.265557
0.024760
0.042829
0.021938
0.036443
0.027761
0.139092
0.033669
0.027884
0.027211
0.021349
0.021681
0.034396
0.039848
0.028614
0.023354
0.025028
0.028022
0.034705
0.036142
0.021667
0.019104
0.047571
0.031393
0.027648
0.032115
0.048123
0.028853
0.176952
0.039305
0.025404
0.034892
0.016131
0.023613
0.024116
0.018759
0.023452
0.035325
0.042070
0.018202
0.056244
0.029400
0.058155
0.039870
0.040197
0.035449
0.026917
0.019364
0.028896
0.031456
0.019397
0.020771
0.027884
0.059046
0.036648
0.019426
0.027121
0.030408
0.049387
0.025760
0.020977
0.021776
0.024344
0.025758
