0.000000000000000000e+00 0.000000000000000000e+00 -0.000000000000000000e+00
3.537956207441932815e-02 4.848884886844457426e-02 2.612474609987410629e-02
7.174319843805569696e-02 9.288878188343895059e-02 5.084674239693756648e-02
1.081068348016920727e-01 1.371849472212512688e-01 7.401150300079874234e-02
1.444704711653284346e-01 1.810371587233757240e-01 9.570107399862608222e-02
1.808341075289648103e-01 2.240441778224360470e-01 1.158238595610619759e-01
2.171977438926011583e-01 2.656389397955057907e-01 1.341469923247504692e-01
2.535613802562375341e-01 3.065741486731566878e-01 1.513592963079929687e-01
2.899250166198739098e-01 3.467780458856294934e-01 1.675923547008791870e-01
3.262886529835102301e-01 3.868962897821368041e-01 1.779657459550536280e-01
3.626522893471465503e-01 4.267789273364341884e-01 1.867137283915227541e-01
3.990159257107829260e-01 4.666271776342976740e-01 1.951157821628367872e-01
4.353795620744193018e-01 5.062363042022932635e-01 2.033646515218605344e-01
4.717431984380556220e-01 5.457677876224785729e-01 2.116811838751547492e-01
5.081068348016919423e-01 5.850982314478365698e-01 2.200117442039650206e-01
5.444704711653283180e-01 6.243646187062710240e-01 2.282614900463792451e-01
5.808341075289646938e-01 6.634306810252182940e-01 2.364185211339672466e-01
6.171977438926009585e-01 7.016649763482740720e-01 2.433160965844003432e-01
6.535613802562373342e-01 7.440325630425994596e-01 2.466533294027622725e-01
6.899250166198737100e-01 7.854315417324816417e-01 2.507333130605887139e-01
7.262886529835099747e-01 8.265183352131058037e-01 2.551562197369504625e-01
7.626522893471463505e-01 8.680046296796753991e-01 2.589968569269772702e-01
7.990159257107826152e-01 9.090218582223736909e-01 2.627742385772252609e-01
8.353795620744191019e-01 9.494561315774129318e-01 2.662764754198450046e-01
8.717431984380553667e-01 9.899195779393703543e-01 2.699507802384911170e-01
9.081068348016916314e-01 1.029691168401259738e+00 2.734282541644254549e-01
9.444704711653281182e-01 1.067782244146537884e+00 2.765466013416257307e-01
9.808341075289643829e-01 1.106013252474952413e+00 2.796284159104978073e-01
1.017197743892600759e+00 1.144421421937463323e+00 2.827616936902541678e-01
1.053561380256237134e+00 1.182691737430093593e+00 2.859047720627277966e-01
1.089925016619873732e+00 1.220719044341394222e+00 2.888802454337917047e-01
1.126288652983510108e+00 1.257422743105372165e+00 2.914525592605198834e-01
1.162652289347146484e+00 1.294501323584141161e+00 2.940879752253298118e-01
1.199015925710783081e+00 1.331408091019169238e+00 2.966159161195291993e-01
1.235379562074419457e+00 1.367572385002214119e+00 2.988082030460261773e-01
1.271743198438055833e+00 1.403932509887693358e+00 3.009780938643451531e-01
1.308106834801692431e+00 1.441502736759061376e+00 3.022519501622422111e-01
1.344470471165328807e+00 1.480273273404625112e+00 3.023892962017757369e-01
1.380834107528965404e+00 1.518994553033113926e+00 3.025630526366472894e-01
1.417197743892601780e+00 1.557788721573041268e+00 3.029038261688769551e-01
1.453561380256238156e+00 1.596793233891429242e+00 3.031564311612460205e-01
1.489925016619874754e+00 1.635775883306352485e+00 3.034053871789645362e-01
1.526288652983511129e+00 1.673920675856739981e+00 3.036412502584250883e-01
1.562652289347147727e+00 1.711706925406548896e+00 3.039739094970045907e-01
1.599015925710784325e+00 1.749470778972300300e+00 3.042992161741424062e-01
1.635379562074420701e+00 1.787210739556881478e+00 3.046167960614687420e-01
1.671743198438057076e+00 1.824955690050195756e+00 3.049313647891384038e-01
1.708106834801693674e+00 1.862647416138676126e+00 3.053194228579804159e-01
1.744470471165330050e+00 1.900209325929614890e+00 3.057970664062044097e-01
1.780834107528966426e+00 1.937728270576015044e+00 3.062716043895157836e-01
1.817197743892603023e+00 1.975198649260926143e+00 3.067329567275384195e-01
1.853561380256239399e+00 2.012575003947686625e+00 3.071718180722067815e-01
1.889925016619875997e+00 2.049907024055988458e+00 3.076027504563882964e-01
1.926288652983512373e+00 2.087203782922806727e+00 3.080198658017749835e-01
1.962652289347148749e+00 2.124407789873570707e+00 3.084681825231452290e-01
1.999015925710785346e+00 2.161523565408440817e+00 3.089742585483855053e-01
2.035379562074421944e+00 2.198611216752614617e+00 3.094881892977930926e-01
2.071743198438058098e+00 2.235715396534380783e+00 3.099982132161969717e-01
2.108106834801694252e+00 2.272819401073875589e+00 3.105038689601353208e-01
2.144470471165330405e+00 2.309917173418616354e+00 3.110052079971355465e-01
2.180834107528967003e+00 2.347058941706855695e+00 3.114740108982356204e-01
2.217197743892603157e+00 2.384207008661666904e+00 3.119384328559682285e-01
2.253561380256239310e+00 2.421320542685527322e+00 3.123957549076689655e-01
2.289925016619875464e+00 2.458429267100493032e+00 3.128465739193569961e-01
2.326288652983511618e+00 2.495507637991247307e+00 3.133040875455022634e-01
2.362652289347147772e+00 2.532526566886882602e+00 3.137944291702656208e-01
2.399015925710784369e+00 2.569505160289276890e+00 3.142982049450231408e-01
2.435379562074420523e+00 2.606478728456751437e+00 3.147907376524075040e-01
2.471743198438056677e+00 2.643479377874536684e+00 3.152374930196780167e-01
2.508106834801692830e+00 2.680788234284285476e+00 3.153820793312661075e-01
2.544470471165328984e+00 2.719042911828072118e+00 3.143664970882159015e-01
2.580834107528965138e+00 2.757324963444531818e+00 3.133351445938073465e-01
2.617197743892601736e+00 2.795613598845479775e+00 3.123068835246095576e-01
2.653561380256237889e+00 2.833952586169615984e+00 3.112669023889202968e-01
2.689925016619874043e+00 2.872296838502684135e+00 3.101759629929025097e-01
2.726288652983510197e+00 2.910664580488298014e+00 3.090762812691633110e-01
2.762652289347146350e+00 2.949045594343209675e+00 3.079535845098442803e-01
2.799015925710782504e+00 2.987416879629242850e+00 3.068261406168812933e-01
2.835379562074419102e+00 3.025765997700061494e+00 3.057021843546521289e-01
2.871743198438055256e+00 3.064137159539019883e+00 3.045833529903269610e-01
2.908106834801691409e+00 3.102537096982977083e+00 3.034891671744940345e-01
2.944470471165327563e+00 3.140889094603453113e+00 3.024187475766680344e-01
2.980834107528963717e+00 3.179206012941113713e+00 3.013453489983615174e-01
3.017197743892599870e+00 3.217518542463974285e+00 3.002711195468939498e-01
3.053561380256236468e+00 3.255825109787539251e+00 2.991960897049267820e-01
3.089925016619872622e+00 3.294162781724437661e+00 2.981176972628585831e-01
3.126288652983508776e+00 3.332629720981569843e+00 2.970299916666504503e-01
3.162652289347144485e+00 3.371236475515941411e+00 2.959309630746406738e-01
3.199015925710781083e+00 3.409871847861275285e+00 2.948289719624770933e-01
3.235379562074417681e+00 3.450671302630180293e+00 2.929880279591247083e-01
3.271743198438053390e+00 3.493657761161621078e+00 2.903091174444229483e-01
3.308106834801689988e+00 3.536622125513578574e+00 2.876319725731102395e-01
3.344470471165326142e+00 3.579567345459420125e+00 2.849416261702570341e-01
3.380834107528961852e+00 3.622590078707785377e+00 2.822019917511298659e-01
3.417197743892598449e+00 3.665655191846764360e+00 2.794583054956537582e-01
3.453561380256235047e+00 3.708820651301621751e+00 2.767070321644306552e-01
3.489925016619870757e+00 3.752228918574719518e+00 2.739407636011478298e-01
3.526288652983507355e+00 3.795683218238516510e+00 2.711696789500966376e-01
3.562652289347143508e+00 3.839157125202801613e+00 2.683945384865694117e-01
3.599015925710779218e+00 3.882631381666063586e+00 2.656201293547227893e-01
3.635379562074415816e+00 3.926181089759142040e+00 2.628312585214239716e-01
3.671743198438052413e+00 3.969841894987352404e+00 2.600246741824528973e-01
3.708106834801688123e+00 4.013436025283216857e+00 2.572523206751421987e-01
