0.000000 0.000424 0.001093 0.002604 0.011385 0.024665 0.039216 0.030260 0.036760 0.036964 0.035215 0.024757 0.034697 0.036711 0.038347 0.036443 0.038317 0.037879 0.030015 0.039205 0.040044
0.000000 0.000583 0.001167 0.004747 0.007311 0.011798 0.018454 0.021533 0.025028 0.026856 0.028639 0.030478 0.032174 0.032348 0.034435 0.035222 0.036127 0.036950 0.037656 0.038551 0.039323
0.000000 0.000512 0.001469 0.004423 0.006201 0.006945 0.008013 0.009289 0.010380 0.015319 0.016178 0.018693 0.021299 0.023781 0.026143 0.027752 0.028881 0.030369 0.031072 0.032855 0.160412
0.000000 0.000353 0.001124 0.002739 0.004549 0.005485 0.009079 0.021145 0.028666 0.033162 0.041827 0.039735 0.040196 0.042894 0.038524 0.039523 0.039469 0.039142 0.038884 0.038775 0.039380
0.000000 0.000336 0.001481 0.003229 0.007150 0.007689 0.011031 0.011453 0.014076 0.016700 0.019995 0.023124 0.025126 0.026691 0.028207 0.028815 0.030906 0.035497 0.040632 0.041484 0.343407
0.000000 0.000313 0.001465 0.004623 0.007017 0.007610 0.009751 0.012906 0.016358 0.029384 0.039205 0.041874 0.042454 0.041862 0.025645 0.042927 0.043511 0.041481 0.043514 0.039734 0.042157
0.000000 0.000295 0.000994 0.002680 0.013185 0.021030 0.029366 0.039806 0.076764 0.039391 0.180663 0.042023 0.041947 0.043471 0.131464 0.026018 0.674076 0.038551 0.035867 0.038895 0.040834
0.000000 0.000283 0.000587 0.000929 0.001737 0.002208 0.002911 0.004601 0.006126 0.007220 0.007672 0.007846 0.008838 0.011032 0.013524 0.014910 0.016421 0.020103 0.024821 0.037479 0.124882
0.000000 0.000550 0.001334 0.004490 0.008681 0.011825 0.014364 0.019014 0.017673 0.021916 0.027681 0.027056 0.030718 0.031214 0.031462 0.031465 0.031471 0.031623 0.031645 0.031698 0.034247
0.000000 0.000302 0.000872 0.003460 0.007141 0.012697 0.016656 0.017579 0.024456 0.027844 0.030416 0.032314 0.033763 0.034908 0.035382 0.035864 0.036331 0.036797 0.037241 0.037687 0.038172
0.000000 0.000500 0.001424 0.003698 0.004764 0.007115 0.008616 0.009535 0.011696 0.013883 0.015622 0.018963 0.024767 0.031845 0.035687 0.037291 0.037703 0.037678 0.037382 0.037878 0.071997
0.000000 0.000229 0.001060 0.005070 0.006124 0.007007 0.008947 0.009451 0.011095 0.013828 0.017950 0.019438 0.026512 0.019823 0.030214 0.031992 0.037684 0.038827 0.037971 0.036716 0.042980
0.000000 0.000389 0.001458 0.004289 0.007955 0.010814 0.011694 0.014451 0.020203 0.022565 0.025100 0.027349 0.030540 0.033142 0.037032 0.040916 0.040396 0.028390 0.032991 0.035030 0.036722
0.000000 0.000297 0.000991 0.002929 0.006531 0.008939 0.012875 0.015659 0.019957 0.018873 0.017836 0.017729 0.020789 0.025453 0.031225 0.037522 0.039683 0.040580 0.030807 0.030950 0.041927
0.000000 0.000284 0.001062 0.002963 0.005494 0.006154 0.011094 0.013406 0.015798 0.019116 0.023949 0.028591 0.031676 0.034687 0.037502 0.040013 0.040861 0.039463 0.038277 0.030851 0.041928
0.000000 0.000292 0.001072 0.002447 0.005117 0.006039 0.007155 0.008197 0.010430 0.012507 0.014158 0.016366 0.019019 0.021658 0.025068 0.028372 0.030056 0.031825 0.033632 0.036013 0.293675
0.000000 0.000418 0.000987 0.001970 0.004501 0.005146 0.008649 0.012421 0.014165 0.012952 0.013403 0.013756 0.013883 0.015744 0.019082 0.022615 0.026473 0.030824 0.035673 0.040239 0.056991
0.000000 0.000358 0.000910 0.002269 0.003186 0.004887 0.007384 0.009391 0.009797 0.014822 0.015592 0.019849 0.023637 0.027603 0.031548 0.035494 0.037880 0.038847 0.038983 0.040052 0.042138
0.000000 0.000275 0.000934 0.001243 0.002764 0.002786 0.003383 0.004942 0.005608 0.007886 0.010755 0.012939 0.015190 0.018993 0.021430 0.024199 0.027167 0.029630 0.023702 0.036472 0.045525
0.000000 0.000326 0.000990 0.002462 0.004175 0.005215 0.006271 0.006526 0.007488 0.011030 0.015030 0.014666 0.013650 0.014933 0.018050 0.020663 0.023353 0.025011 0.029342 0.033935 0.357968
0.000000 0.000435 0.001270 0.002947 0.008733 0.009613 0.010880 0.014899 0.016418 0.021173 0.032493 0.227605 0.039242 0.018955 0.037625 0.048609 0.022668 0.038630 0.548544 0.035496 0.229987
0.000000 0.000479 0.001170 0.003329 0.005670 0.009614 0.012052 0.014069 0.015883 0.017994 0.019464 0.022664 0.027581 0.032629 0.220878 0.036582 0.036451 0.036035 0.026049 0.034790 0.042719
