0.000000 0.071470 0.148107 0.273863 0.360858 0.365871 0.384770 0.381986 0.398236 0.411541 0.413193 0.414563 0.419360 0.424795 0.427711 0.431051 0.434308 0.437224 0.438915 0.440721 0.441310
0.000000 0.090088 0.145555 0.312181 0.316918 0.352661 0.366727 0.372282 0.381636 0.394665 0.395076 0.389338 0.390885 0.392004 0.392584 0.393245 0.393818 0.394165 0.394578 0.394729 0.394547
0.000000 0.078795 0.186358 0.319467 0.356567 0.374481 0.379139 0.373884 0.366273 0.384326 0.389812 0.399575 0.399974 0.397299 0.406997 0.414383 0.407766 0.396526 0.399703 0.401770 0.402699
0.000000 0.056029 0.141258 0.243503 0.314629 0.334013 0.335712 0.357345 0.389037 0.400271 0.413636 0.413597 0.405131 0.399972 0.395129 0.390542 0.387348 0.385343 0.384477 0.384589 0.384558
0.000000 0.050804 0.175417 0.272214 0.322795 0.341578 0.348084 0.354594 0.370033 0.367176 0.384776 0.386400 0.400812 0.393940 0.403264 0.413721 0.414545 0.417377 0.422903 0.425375 0.426953
0.000000 0.054360 0.170830 0.324143 0.330599 0.372412 0.380315 0.406636 0.406680 0.374714 0.377266 0.410581 0.426885 0.441883 0.447400 0.437871 0.429726 0.428707 0.433439 0.435395 0.434326
0.000000 0.049688 0.136909 0.254590 0.378816 0.392230 0.375752 0.372079 0.368858 0.383928 0.391148 0.386170 0.386658 0.392823 0.395666 0.400637 0.562313 0.421997 0.419994 0.418462 0.416885
0.000000 0.047769 0.090563 0.131709 0.205851 0.237509 0.270892 0.320842 0.350502 0.365113 0.367584 0.364345 0.370490 0.379346 0.384398 0.386243 0.387584 0.388132 0.387707 0.391225 0.387035
0.000000 0.084135 0.172763 0.297438 0.348511 0.373580 0.398075 0.410372 0.417789 0.429979 0.447717 0.458863 0.465446 0.467924 0.471990 0.473553 0.473231 0.473591 0.473263 0.473030 0.473380
0.000000 0.045403 0.130267 0.279828 0.356289 0.385077 0.413453 0.414394 0.414874 0.413003 0.408799 0.404982 0.401523 0.400203 0.399496 0.398651 0.397808 0.396868 0.396073 0.395309 0.395317
0.000000 0.072409 0.165681 0.295019 0.315726 0.345871 0.365401 0.365245 0.368918 0.370349 0.366774 0.370804 0.360530 0.368811 0.391361 0.401109 0.409950 0.415347 0.421383 0.430897 0.433996
0.000000 0.041252 0.137116 0.300956 0.312751 0.331222 0.332076 0.359690 0.373838 0.380610 0.387490 0.388646 0.400187 0.407215 0.415341 0.419576 0.425906 0.428858 0.433390 0.435866 0.438314
0.000000 0.060347 0.168505 0.295471 0.336337 0.346667 0.367953 0.354034 0.382375 0.364867 0.383448 0.398233 0.400215 0.398622 0.398042 0.397905 0.396301 0.393688 0.393901 0.392836 0.393001
0.000000 0.047008 0.135636 0.242911 0.325322 0.342638 0.344312 0.361006 0.362227 0.382753 0.382672 0.390824 0.399658 0.407485 0.409208 0.408022 0.403610 0.405139 0.413887 0.413751 0.414461
0.000000 0.051069 0.136391 0.246372 0.307734 0.353602 0.369937 0.368234 0.368436 0.369430 0.399015 0.433555 0.437897 0.439766 0.450170 0.440284 0.435632 0.442926 0.444834 0.446827 0.447642
0.000000 0.048565 0.141204 0.234867 0.328342 0.354277 0.365590 0.385021 0.385677 0.380025 0.383716 0.387681 0.388104 0.385942 0.384646 0.387728 0.390973 0.394753 0.398905 0.403427 0.408265
0.000000 0.060909 0.127753 0.191875 0.314855 0.338030 0.341472 0.347836 0.364272 0.369032 0.376580 0.385340 0.394212 0.407135 0.417804 0.419285 0.415195 0.412617 0.416742 0.417422 0.417044
0.000000 0.053536 0.117359 0.210990 0.273330 0.297948 0.320557 0.331273 0.356472 0.358405 0.388174 0.376569 0.377916 0.379655 0.379537 0.376705 0.375107 0.377407 0.379275 0.385066 0.389604
0.000000 0.048955 0.129637 0.161185 0.266693 0.272531 0.281097 0.315805 0.331737 0.359600 0.372070 0.373020 0.372533 0.374729 0.383956 0.388451 0.391843 0.394258 0.395349 0.400508 0.401620
0.000000 0.048411 0.131528 0.247991 0.302499 0.319018 0.304206 0.324758 0.336064 0.346569 0.351002 0.368199 0.384225 0.384468 0.390650 0.393403 0.398963 0.403768 0.406010 0.407132 0.407793
0.000000 0.069754 0.152197 0.256741 0.353069 0.371364 0.388276 0.403779 0.374851 0.399978 0.382008 0.379996 0.385123 0.406619 0.409252 0.402565 0.401833 0.405662 0.404611 0.398957 0.419753
0.000000 0.070738 0.143618 0.253308 0.329495 0.373411 0.378111 0.393495 0.391992 0.389500 0.390618 0.406683 0.407403 0.423423 0.424656 0.426267 0.426665 0.427676 0.426841 0.430810 0.435684
