0.000000 0.000550 0.001376 0.003708 0.020602 0.046181 0.072746 0.052691 0.057062 0.047127 0.049684 0.041838 0.054861 0.057445 0.058815 0.059670 0.062056 0.063543 0.056966 0.067426 0.086786
0.000000 0.000751 0.001534 0.006883 0.010113 0.019169 0.032767 0.037567 0.044221 0.047883 0.052545 0.057992 0.062726 0.062129 0.068972 0.071069 0.072983 0.075542 0.077150 0.078907 0.080818
0.000000 0.000657 0.001901 0.006136 0.009816 0.011023 0.011249 0.015508 0.018598 0.020295 0.021824 0.026340 0.030176 0.034892 0.038687 0.042830 0.048921 0.055193 0.065108 0.070602 0.325270
0.000000 0.000456 0.001423 0.003487 0.006729 0.009265 0.012557 0.033737 0.048390 0.058564 0.079408 0.069620 0.069361 0.077061 0.064876 0.067737 0.069695 0.072479 0.074065 0.075626 0.074806
0.000000 0.000431 0.001838 0.004198 0.010775 0.012306 0.016404 0.018105 0.018112 0.021259 0.025353 0.029859 0.032993 0.034701 0.037231 0.042051 0.050219 0.063707 0.075559 0.075334 1.220164
0.000000 0.000404 0.001828 0.006122 0.011738 0.013539 0.016999 0.018134 0.021923 0.039083 0.051560 0.059009 0.051017 0.051386 0.044039 0.051933 0.054736 0.060387 0.068428 0.075221 0.080759
0.000000 0.000381 0.001253 0.003440 0.023912 0.032335 0.039676 0.060566 0.217965 0.059132 0.443151 0.055565 0.054253 0.056165 0.210439 0.046845 4.261402 0.065897 0.072426 0.078128 0.083055
0.000000 0.000364 0.000749 0.001169 0.002275 0.002987 0.003798 0.006051 0.008266 0.009742 0.011220 0.012884 0.014684 0.018643 0.023268 0.025979 0.029089 0.032995 0.037669 0.065455 0.426213
0.000000 0.000719 0.001677 0.006592 0.015699 0.021158 0.024809 0.032631 0.032697 0.041626 0.048823 0.050412 0.054775 0.056675 0.057365 0.060449 0.060846 0.067461 0.067610 0.060331 0.081434
0.000000 0.000389 0.001118 0.004680 0.011459 0.018468 0.029066 0.030528 0.046904 0.054810 0.061283 0.065981 0.069806 0.072736 0.073840 0.074966 0.076095 0.077088 0.078319 0.079520 0.080701
0.000000 0.000652 0.001791 0.004827 0.006590 0.011560 0.013893 0.015394 0.017943 0.022191 0.025368 0.028135 0.031105 0.040265 0.046713 0.049450 0.050778 0.051079 0.068525 0.057134 0.241791
0.000000 0.000302 0.001337 0.007138 0.008321 0.009426 0.012035 0.014535 0.018088 0.022801 0.031221 0.034391 0.045256 0.037048 0.053117 0.059360 0.071331 0.075271 0.072161 0.055671 0.083079
0.000000 0.000505 0.001868 0.006187 0.012880 0.014820 0.020084 0.019701 0.026941 0.029771 0.033419 0.036913 0.040530 0.043727 0.050594 0.058501 0.063256 0.063936 0.073896 0.078968 0.083417
0.000000 0.000388 0.001291 0.003777 0.008681 0.011905 0.016840 0.021218 0.027721 0.026683 0.027340 0.033423 0.039363 0.045419 0.051740 0.059959 0.068039 0.075758 0.059136 0.061196 0.089790
0.000000 0.000366 0.001392 0.003942 0.007587 0.008779 0.014479 0.017444 0.021363 0.025570 0.031288 0.037117 0.041885 0.046479 0.049545 0.052664 0.055722 0.060058 0.070189 0.061943 0.083861
0.000000 0.000377 0.001373 0.003114 0.007991 0.008656 0.010717 0.012517 0.013667 0.016512 0.018663 0.021323 0.024958 0.029429 0.036504 0.042928 0.046828 0.051033 0.055312 0.061793 0.970642
0.000000 0.000540 0.001286 0.002450 0.006680 0.008250 0.013555 0.020063 0.024555 0.023818 0.024507 0.024869 0.024739 0.026854 0.029854 0.033240 0.038094 0.050154 0.070345 0.074644 0.191254
0.000000 0.000464 0.001166 0.002960 0.004124 0.006548 0.009955 0.012536 0.016625 0.023707 0.029137 0.039587 0.047963 0.055561 0.063261 0.070925 0.072995 0.074149 0.076158 0.079544 0.089640
0.000000 0.000352 0.001221 0.001564 0.003597 0.003578 0.004366 0.006494 0.008520 0.012979 0.018508 0.022751 0.027197 0.035572 0.041655 0.043531 0.045205 0.046510 0.048138 0.061527 0.101223
0.000000 0.000423 0.001258 0.003401 0.006018 0.007751 0.008529 0.009209 0.011179 0.018325 0.024417 0.025211 0.025799 0.026012 0.026382 0.029818 0.033949 0.035525 0.042905 0.052695 1.096680
0.000000 0.000560 0.001662 0.004127 0.015448 0.018377 0.020479 0.027782 0.029278 0.028342 0.040866 0.481649 0.055158 0.026168 0.051536 0.067212 0.043029 0.062640 0.945046 0.066775 0.773628
0.000000 0.000625 0.001524 0.004415 0.008973 0.016560 0.020422 0.023147 0.027206 0.030798 0.035667 0.047639 0.054433 0.056609 0.556872 0.052142 0.057275 0.063907 0.074995 0.069776 0.087813
