0.000000 0.050000 0.150000 0.350000 0.650000 1.050000 1.550000 1.850000 2.150000 2.290000 2.402000 2.491600 2.563280 2.620624 2.645624 2.670624 2.695624 2.720624 2.745624 2.770624 2.795624
0.000000 0.050000 0.150000 0.350000 0.650000 1.050000 1.550000 1.850000 2.150000 2.290000 2.402000 2.491600 2.563280 2.620624 2.645624 2.670624 2.695624 2.720624 2.745624 2.770624 2.795624
0.000000 0.050000 0.150000 0.350000 0.500000 0.650000 0.850000 1.050000 1.300000 1.550000 1.700000 1.850000 2.000000 2.150000 2.325000 2.500000 2.675000 2.850000 3.010000 3.138000 3.240400
0.000000 0.050000 0.150000 0.350000 0.650000 1.050000 1.550000 2.150000 2.850000 3.650000 4.550000 4.750000 4.910000 5.038000 5.140400 5.222320 5.287856 5.340285 5.365285 5.390285 5.415285
0.000000 0.050000 0.150000 0.350000 0.650000 1.050000 1.550000 1.850000 2.150000 2.500000 2.850000 3.250000 3.650000 4.100000 4.550000 5.050000 5.550000 6.100000 6.650000 6.890000 7.082000
0.000000 0.050000 0.150000 0.350000 0.650000 0.850000 1.050000 1.300000 1.550000 1.850000 2.150000 2.500000 2.850000 3.250000 3.650000 3.875000 4.100000 4.325000 4.550000 4.750000 4.910000
0.000000 0.050000 0.150000 0.350000 0.650000 1.050000 1.300000 1.550000 1.850000 2.150000 2.500000 2.850000 3.250000 3.650000 4.100000 4.550000 5.050000 5.550000 5.770000 5.946000 6.086800
0.000000 0.050000 0.100000 0.150000 0.250000 0.300000 0.350000 0.425000 0.500000 0.575000 0.650000 0.700000 0.750000 0.850000 0.950000 1.000000 1.050000 1.100000 1.150000 1.230000 1.294000
0.000000 0.050000 0.150000 0.350000 0.650000 0.850000 1.050000 1.300000 1.550000 1.850000 2.150000 2.290000 2.402000 2.491600 2.563280 2.620624 2.645624 2.670624 2.695624 2.720624 2.745624
0.000000 0.050000 0.150000 0.350000 0.650000 1.050000 1.550000 1.850000 2.150000 2.290000 2.402000 2.491600 2.563280 2.620624 2.645624 2.670624 2.695624 2.720624 2.745624 2.770624 2.795624
0.000000 0.050000 0.150000 0.250000 0.350000 0.500000 0.650000 0.750000 0.850000 0.950000 1.050000 1.175000 1.300000 1.425000 1.550000 1.700000 1.850000 2.000000 2.150000 2.290000 2.402000
0.000000 0.050000 0.150000 0.350000 0.500000 0.650000 0.850000 1.050000 1.300000 1.550000 1.850000 2.150000 2.325000 2.500000 2.675000 2.850000 3.050000 3.250000 3.450000 3.650000 3.830000
0.000000 0.050000 0.150000 0.350000 0.650000 1.050000 1.300000 1.550000 1.850000 2.150000 2.500000 2.850000 3.250000 3.650000 4.100000 4.550000 4.800000 5.050000 5.300000 5.550000 5.770000
0.000000 0.050000 0.150000 0.350000 0.650000 1.050000 1.550000 1.850000 2.150000 2.500000 2.850000 3.250000 3.650000 4.100000 4.550000 5.050000 5.550000 6.100000 6.650000 6.890000 7.082000
0.000000 0.050000 0.150000 0.350000 0.650000 1.050000 1.550000 2.150000 2.850000 3.650000 4.550000 5.550000 6.100000 6.650000 7.250000 7.850000 8.500000 9.150000 9.850000 10.550000 10.850000
0.000000 0.050000 0.150000 0.250000 0.350000 0.425000 0.500000 0.650000 0.750000 0.850000 0.950000 1.050000 1.150000 1.230000 1.294000 1.345200 1.370200 1.395200 1.420200 1.445200 1.470200
0.000000 0.050000 0.150000 0.350000 0.500000 0.650000 0.750000 0.850000 0.950000 1.050000 1.175000 1.300000 1.425000 1.550000 1.700000 1.850000 2.000000 2.150000 2.290000 2.402000 2.491600
0.000000 0.050000 0.150000 0.350000 0.650000 0.850000 1.050000 1.300000 1.550000 1.850000 2.150000 2.325000 2.500000 2.675000 2.850000 3.050000 3.250000 3.450000 3.650000 3.830000 3.974000
0.000000 0.050000 0.100000 0.150000 0.250000 0.300000 0.350000 0.425000 0.500000 0.575000 0.650000 0.700000 0.750000 0.850000 0.950000 1.000000 1.050000 1.100000 1.150000 1.230000 1.294000
0.000000 0.050000 0.150000 0.350000 0.500000 0.650000 0.850000 1.050000 1.175000 1.300000 1.425000 1.550000 1.700000 1.850000 2.000000 2.150000 2.325000 2.500000 2.675000 2.850000 3.010000
0.000000 0.050000 0.150000 0.350000 0.650000 0.850000 1.050000 1.300000 1.550000 1.850000 2.150000 2.500000 2.850000 3.050000 3.250000 3.650000 3.875000 4.100000 4.325000 4.550000 4.750000
0.000000 0.050000 0.150000 0.350000 0.650000 1.050000 1.300000 1.550000 1.850000 2.150000 2.500000 2.850000 3.250000 3.650000 4.100000 4.550000 4.800000 5.050000 5.300000 5.550000 5.770000
